-5.952811035156250000e+03
1.466621093750000000e+02
1.385208892822265625e+02
1.591117248535156250e+02
2.548772430419921875e+02
1.744804840087890625e+02
7.931731414794921875e+01
8.644189453125000000e+01
2.390935668945312500e+02
3.754568481445312500e+02
1.661899757385253906e+01
2.496916656494140625e+02
3.575273132324218750e+02
2.640191040039062500e+02
1.379058685302734375e+02
2.915836486816406250e+02
2.303978271484375000e+02
4.709454727172851562e+01
2.561213073730468750e+02
1.050280227661132812e+02
8.145373535156250000e+01
1.005409545898437500e+02
2.415207366943359375e+02
9.914707946777343750e+01
2.943892669677734375e+01
2.255463714599609375e+02
3.606371307373046875e+01
2.038326568603515625e+02
2.750785827636718750e+02
3.763216247558593750e+02
1.513809967041015625e+02
1.456897277832031250e+02
0.000000000000000000e+00
6.251058197021484375e+01
6.228496551513671875e+01
6.213494110107421875e+01
6.158715820312500000e+01
6.170333099365234375e+01
6.160315704345703125e+01
6.149080276489257812e+01
6.288076400756835938e+01
6.412206268310546875e+01
6.484136199951171875e+01
6.964802551269531250e+01
6.390637207031250000e+01
6.229435348510742188e+01
6.170930480957031250e+01
6.314244842529296875e+01
6.236720657348632812e+01
6.191827011108398438e+01
6.140524291992187500e+01
6.123931121826171875e+01
6.183153152465820312e+01
6.095373153686523438e+01
6.529354095458984375e+01
6.089494705200195312e+01
6.101017761230468750e+01
6.121759796142578125e+01
6.468183135986328125e+01
6.396894836425781250e+01
6.313410949707031250e+01
6.298117828369140625e+01
6.279626464843750000e+01
6.262414169311523438e+01
5.952811035156250000e+03
6.116613159179687500e+02
4.661704101562500000e+02
2.948203735351562500e+02
2.534346160888671875e+02
7.666042327880859375e+01
-2.736654758453369141e+00
1.611237640380859375e+02
-4.002178039550781250e+02
-7.756744384765625000e+02
-7.922967529296875000e+02
5.693872070312500000e+03
2.337156738281250000e+03
4.562982177734375000e+02
1.379058685302734375e+02
1.523122680664062500e+03
9.993543090820312500e+02
7.689547729492187500e+02
-3.437376403808593750e+02
-6.198431777954101562e+01
4.304019165039062500e+01
2.321807708740234375e+02
2.300801513671875000e+03
1.471948394775390625e+02
2.873771667480468750e+01
-7.482901000976562500e+01
1.053641052246093750e+02
3.781254882812500000e+02
2.249692626953125000e+03
2.044778808593750000e+03
1.766508056640625000e+03
1.322144897460937500e+03
1.169863891601562500e+03
1.016043457031250000e+03
