1.819651245117187500e+03
4.655818176269531250e+01
4.350513076782226562e+01
5.036146926879882812e+01
8.087744140625000000e+01
5.602179718017578125e+01
2.501232528686523438e+01
2.773867416381835938e+01
7.481899261474609375e+01
1.177913208007812500e+02
5.241185665130615234e+00
7.745322418212890625e+01
1.113456039428710938e+02
8.424078369140625000e+01
4.328211212158203125e+01
9.295629882812500000e+01
7.250289916992187500e+01
1.448621368408203125e+01
7.906415557861328125e+01
3.260949707031250000e+01
2.486010551452636719e+01
3.119842147827148438e+01
7.622016143798828125e+01
3.168639945983886719e+01
9.222952842712402344e+00
7.038568878173828125e+01
1.107524490356445312e+01
6.277841567993164062e+01
8.646488189697265625e+01
1.169225692749023438e+02
4.764261245727539062e+01
4.634383392333984375e+01
1.000000047497451305e-03
4.403879642486572266e+00
4.546473979949951172e+00
4.626852035522460938e+00
5.028123378753662109e+00
4.744010925292968750e+00
4.806422233581542969e+00
5.133822441101074219e+00
4.148838043212890625e+00
3.638274431228637695e+00
3.280387878417968750e+00
2.534764707088470459e-01
3.738579750061035156e+00
5.259915351867675781e+00
5.535499095916748047e+00
4.123600959777832031e+00
4.543425083160400391e+00
4.795818328857421875e+00
5.087898731231689453e+00
5.193900108337402344e+00
5.134092330932617188e+00
6.310354709625244141e+00
3.141469955444335938e+00
5.737239360809326172e+00
5.584151744842529297e+00
5.486364841461181641e+00
3.440135240554809570e+00
3.755015134811401367e+00
4.135036468505859375e+00
4.202883720397949219e+00
4.279674530029296875e+00
4.358136653900146484e+00
1.819651245117187500e+03
2.843068542480468750e+02
2.423328247070312500e+02
1.981497955322265625e+02
1.390267181396484375e+02
1.065101318359375000e+02
1.033818054199218750e+02
8.853784179687500000e+01
1.402115631103515625e+02
2.417920074462890625e+02
2.464748840332031250e+02
1.745331054687500000e+03
7.812761840820312500e+02
2.967502746582031250e+02
4.328211212158203125e+01
5.368574218750000000e+02
3.850669860839843750e+02
3.380785217285156250e+02
1.998421783447265625e+02
1.257311630249023438e+02
1.238030700683593750e+02
1.151459884643554688e+02
7.724733276367187500e+02
1.017857513427734375e+02
9.452072906494140625e+01
9.741102600097656250e+01
1.021084518432617188e+02
2.757523193359375000e+02
7.522746582031250000e+02
7.037058715820312500e+02
6.406204223632812500e+02
4.342081298828125000e+02
3.949731445312500000e+02
3.579980468750000000e+02
