1.717138549804687500e+03
4.600042343139648438e+01
4.371879959106445312e+01
4.960410308837890625e+01
8.489714050292968750e+01
5.481330490112304688e+01
2.434395980834960938e+01
2.737348937988281250e+01
7.536648559570312500e+01
1.196573944091796875e+02
5.388686656951904297e+00
7.607432556152343750e+01
1.100794448852539062e+02
8.193311309814453125e+01
4.208358764648437500e+01
9.281526184082031250e+01
7.195493316650390625e+01
1.554679393768310547e+01
8.005484008789062500e+01
3.230419921875000000e+01
2.566467475891113281e+01
3.135806274414062500e+01
7.543918609619140625e+01
3.210140228271484375e+01
9.153149604797363281e+00
7.004257202148437500e+01
1.138461589813232422e+01
6.341127395629882812e+01
8.809294891357421875e+01
1.185142669677734375e+02
4.855852890014648438e+01
4.619868469238281250e+01
9.999999717180685366e-10
4.114338397979736328e+00
4.211180210113525391e+00
4.285826206207275391e+00
4.729371070861816406e+00
4.421190261840820312e+00
4.480757713317871094e+00
4.469453334808349609e+00
4.151856899261474609e+00
3.459236860275268555e+00
3.106548547744750977e+00
6.256489753723144531e-01
3.588772296905517578e+00
4.095470428466796875e+00
4.392472743988037109e+00
3.895924568176269531e+00
4.144503116607666016e+00
4.316410064697265625e+00
4.491672039031982422e+00
4.559835433959960938e+00
4.692714691162109375e+00
5.448920726776123047e+00
2.907068252563476562e+00
4.834085464477539062e+00
4.755745887756347656e+00
4.591940879821777344e+00
3.125382661819458008e+00
3.452188968658447266e+00
3.815444707870483398e+00
3.892897844314575195e+00
3.990428447723388672e+00
4.061588764190673828e+00
1.717138549804687500e+03
2.289500732421875000e+02
1.685542602539062500e+02
1.338514099121093750e+02
1.079843521118164062e+02
8.232863616943359375e+01
7.756044769287109375e+01
7.014056396484375000e+01
1.444869537353515625e+02
2.476212158203125000e+02
2.823576354980468750e+02
1.643662963867187500e+03
6.785570678710937500e+02
1.410767059326171875e+02
4.479603195190429688e+01
4.524634399414062500e+02
2.885107421875000000e+02
2.260170135498046875e+02
1.243621215820312500e+02
7.047702026367187500e+01
6.905706024169921875e+01
1.096409378051757812e+02
6.946678466796875000e+02
9.230584716796875000e+01
5.777358627319335938e+01
6.273359680175781250e+01
7.667388153076171875e+01
1.296140441894531250e+02
6.817607421875000000e+02
6.260433959960937500e+02
5.438081665039062500e+02
4.449749450683593750e+02
4.058132019042968750e+02
3.277549133300781250e+02
