-5.647008789062500000e+03
1.439089813232421875e+02
1.385136108398437500e+02
1.536947937011718750e+02
2.633079528808593750e+02
1.708703460693359375e+02
7.689543914794921875e+01
8.547339630126953125e+01
2.400921936035156250e+02
3.753160705566406250e+02
1.674932670593261719e+01
2.436109008789062500e+02
3.480822448730468750e+02
2.584923400878906250e+02
1.323716735839843750e+02
2.899381408691406250e+02
2.283772888183593750e+02
4.801588821411132812e+01
2.506007690429687500e+02
1.021779174804687500e+02
8.026940155029296875e+01
9.896688079833984375e+01
2.338699035644531250e+02
9.972192382812500000e+01
2.875815200805664062e+01
2.236559143066406250e+02
3.572576141357421875e+01
2.006333923339843750e+02
2.750445861816406250e+02
3.723460998535156250e+02
1.522107849121093750e+02
1.454506378173828125e+02
0.000000000000000000e+00
6.324609756469726562e+01
6.306127929687500000e+01
6.291779708862304688e+01
6.236539459228515625e+01
6.257665252685546875e+01
6.250085449218750000e+01
6.252604293823242188e+01
6.339131546020507812e+01
6.445765686035156250e+01
6.511589813232421875e+01
7.022254180908203125e+01
6.430307769775390625e+01
6.330090713500976562e+01
6.271326828002929688e+01
6.365905380249023438e+01
6.312039947509765625e+01
6.278511428833007812e+01
6.240579986572265625e+01
6.230986785888671875e+01
6.260268402099609375e+01
6.199758529663085938e+01
6.550528717041015625e+01
6.198962402343750000e+01
6.207062911987304688e+01
6.229324722290039062e+01
6.506171417236328125e+01
6.446273040771484375e+01
6.382051467895507812e+01
6.367926406860351562e+01
6.348683547973632812e+01
6.334974670410156250e+01
5.647008789062500000e+03
5.705938720703125000e+02
4.246282043457031250e+02
2.704497680664062500e+02
2.452044982910156250e+02
7.291092681884765625e+01
-6.514395236968994141e+00
1.456415557861328125e+02
-3.930169067382812500e+02
-7.682417602539062500e+02
-8.015980834960937500e+02
5.393488281250000000e+03
2.183235351562500000e+03
3.963968200683593750e+02
1.331295471191406250e+02
1.426917968750000000e+03
9.175427246093750000e+02
6.893410034179687500e+02
-3.069138793945312500e+02
-5.307141113281250000e+01
5.113487243652343750e+01
2.173296203613281250e+02
2.174098632812500000e+03
1.334499053955078125e+02
2.513405609130859375e+01
-7.531637573242187500e+01
1.071212615966796875e+02
3.342915344238281250e+02
2.135280029296875000e+03
1.934714965820312500e+03
1.655817138671875000e+03
1.282604980468750000e+03
1.130093872070312500e+03
9.617163696289062500e+02
