1.717587036132812500e+03
4.605163192749023438e+01
4.372816085815429688e+01
4.961953353881835938e+01
8.490348052978515625e+01
5.482450103759765625e+01
2.434675025939941406e+01
2.738054275512695312e+01
7.538395690917968750e+01
1.196953659057617188e+02
5.389846324920654297e+00
7.612318420410156250e+01
1.101121520996093750e+02
8.193917846679687500e+01
4.209301757812500000e+01
9.283670043945312500e+01
7.197096252441406250e+01
1.555042362213134766e+01
8.007102966308593750e+01
3.231436538696289062e+01
2.565160751342773438e+01
3.136544799804687500e+01
7.544029235839843750e+01
3.210701751708984375e+01
9.155132293701171875e+00
7.005190277099609375e+01
1.138796234130859375e+01
6.342615509033203125e+01
8.808873748779296875e+01
1.185145950317382812e+02
4.857130813598632812e+01
4.619326400756835938e+01
9.999999717180685366e-10
4.114843845367431641e+00
4.211693763732910156e+00
4.286311149597167969e+00
4.729950428009033203e+00
4.421737194061279297e+00
4.481316566467285156e+00
4.470043659210205078e+00
4.152332782745361328e+00
3.459597587585449219e+00
3.106855154037475586e+00
6.256276965141296387e-01
3.589166879653930664e+00
4.095943450927734375e+00
4.393028736114501953e+00
3.896393299102783203e+00
4.145018577575683594e+00
4.316931247711181641e+00
4.492222785949707031e+00
4.560403347015380859e+00
4.693213462829589844e+00
5.449433326721191406e+00
2.907317638397216797e+00
4.834670543670654297e+00
4.756353378295898438e+00
4.592516899108886719e+00
3.125680446624755859e+00
3.452548980712890625e+00
3.815896272659301758e+00
3.893374204635620117e+00
3.990856170654296875e+00
4.062069892883300781e+00
1.717587036132812500e+03
2.289470520019531250e+02
1.685924682617187500e+02
1.339202728271484375e+02
1.080064315795898438e+02
8.232717132568359375e+01
7.755899047851562500e+01
7.016030120849609375e+01
1.445034179687500000e+02
2.476905975341796875e+02
2.824127502441406250e+02
1.644093261718750000e+03
6.787215576171875000e+02
1.410886535644531250e+02
4.480545043945312500e+01
4.525819396972656250e+02
2.885927124023437500e+02
2.260816955566406250e+02
1.243639068603515625e+02
7.047672271728515625e+01
6.905621337890625000e+01
1.096523208618164062e+02
6.948651123046875000e+02
9.230733489990234375e+01
5.777426528930664062e+01
6.273579025268554688e+01
7.667957305908203125e+01
1.296425323486328125e+02
6.818965454101562500e+02
6.262285766601562500e+02
5.439133300781250000e+02
4.450652465820312500e+02
4.058886718750000000e+02
3.277826538085937500e+02
1.717485839843750000e+03
4.604972839355468750e+01
4.372604370117187500e+01
4.961757278442382812e+01
8.490217590332031250e+01
5.482225799560546875e+01
2.434783744812011719e+01
2.737881851196289062e+01
7.538049316406250000e+01
1.196886215209960938e+02
5.389655113220214844e+00
7.612055206298828125e+01
1.101063613891601562e+02
8.193457031250000000e+01
4.209154891967773438e+01
9.283286285400390625e+01
7.196943664550781250e+01
1.554976272583007812e+01
8.006781005859375000e+01
3.231300354003906250e+01
2.565056610107421875e+01
3.136418342590332031e+01
7.543674468994140625e+01
3.210757827758789062e+01
9.154764175415039062e+00
7.005178833007812500e+01
1.138743686676025391e+01
6.342409133911132812e+01
8.808483123779296875e+01
1.185107498168945312e+02
4.856787872314453125e+01
4.619065093994140625e+01
9.999999717180685366e-10
4.114725112915039062e+00
4.211594581604003906e+00
4.286195755004882812e+00
4.729794979095458984e+00
4.421618938446044922e+00
4.481164932250976562e+00
4.469902515411376953e+00
4.152221202850341797e+00
3.459507703781127930e+00
3.106790781021118164e+00
6.256344914436340332e-01
3.589068174362182617e+00
4.095810890197753906e+00
4.392906665802001953e+00
3.896279096603393555e+00
4.144896030426025391e+00
4.316852569580078125e+00
4.492072582244873047e+00
4.560253143310546875e+00
4.693104743957519531e+00
5.449319362640380859e+00
2.907273054122924805e+00
4.834534168243408203e+00
4.756217002868652344e+00
4.592406272888183594e+00
3.125611543655395508e+00
3.452462911605834961e+00
3.815800189971923828e+00
3.893274068832397461e+00
3.990731716156005859e+00
4.061950683593750000e+00
1.717485839843750000e+03
2.289388275146484375e+02
1.685868530273437500e+02
1.339170684814453125e+02
1.080041885375976562e+02
8.232720947265625000e+01
7.755954742431640625e+01
7.015727233886718750e+01
1.445056152343750000e+02
2.476783142089843750e+02
2.823985595703125000e+02
1.644043823242187500e+03
6.786838989257812500e+02
1.410835266113281250e+02
4.480373764038085938e+01
4.525449523925781250e+02
2.885746459960937500e+02
2.260725402832031250e+02
1.243598327636718750e+02
7.047698211669921875e+01
6.905688476562500000e+01
1.096499252319335938e+02
6.948355712890625000e+02
9.230590057373046875e+01
5.777433013916015625e+01
6.273534774780273438e+01
7.667855834960937500e+01
1.296378326416015625e+02
6.818883666992187500e+02
6.261979370117187500e+02
5.439083251953125000e+02
4.450517578125000000e+02
4.058828430175781250e+02
3.277808227539062500e+02
1.717375854492187500e+03
4.600928497314453125e+01
4.372217559814453125e+01
4.961392593383789062e+01
8.489723205566406250e+01
5.482022857666015625e+01
2.434726142883300781e+01
2.737818908691406250e+01
7.537679290771484375e+01
1.196821517944335938e+02
5.389371395111083984e+00
7.609127807617187500e+01
1.100923919677734375e+02
8.192980194091796875e+01
4.208961868286132812e+01
9.282843780517578125e+01
7.196458435058593750e+01
1.554886341094970703e+01
8.006562805175781250e+01
3.231121063232421875e+01
2.566948509216308594e+01
3.136253738403320312e+01
7.545072174072265625e+01
3.210586547851562500e+01
9.154313087463378906e+00
7.004757690429687500e+01
1.138610935211181641e+01
6.342047882080078125e+01
8.810437774658203125e+01
1.185078430175781250e+02
4.856516265869140625e+01
4.618836593627929688e+01
9.999999717180685366e-10
4.114578723907470703e+00
4.211453437805175781e+00
4.286087036132812500e+00
4.729681491851806641e+00
4.421492576599121094e+00
4.481032371520996094e+00
4.469735622406005859e+00
4.152118206024169922e+00
3.459407567977905273e+00
3.106691837310791016e+00
6.256403923034667969e-01
3.588948726654052734e+00
4.095692634582519531e+00
4.392768383026123047e+00
3.896146059036254883e+00
4.144798278808593750e+00
4.316662311553955078e+00
4.491942882537841797e+00
4.560114383697509766e+00
4.692968368530273438e+00
5.449172019958496094e+00
2.907211303710937500e+00
4.834372997283935547e+00
4.756055831909179688e+00
4.592247009277343750e+00
3.125518083572387695e+00
3.452377557754516602e+00
3.815707921981811523e+00
3.893149137496948242e+00
3.990617752075195312e+00
4.061843872070312500e+00
1.717375854492187500e+03
2.289774017333984375e+02
1.685809631347656250e+02
1.339120330810546875e+02
1.080026779174804688e+02
8.232801055908203125e+01
7.755989074707031250e+01
7.015550994873046875e+01
1.445050354003906250e+02
2.476643371582031250e+02
2.823829650878906250e+02
1.643907592773437500e+03
6.786656494140625000e+02
1.410781860351562500e+02
4.480154418945312500e+01
4.525137634277343750e+02
2.885420532226562500e+02
2.260527648925781250e+02
1.243555679321289062e+02
7.047708129882812500e+01
6.905709838867187500e+01
1.096481246948242188e+02
6.948035278320312500e+02
9.230481719970703125e+01
5.777441024780273438e+01
6.273483657836914062e+01
7.667704772949218750e+01
1.296333770751953125e+02
6.818521728515625000e+02
6.261480102539062500e+02
5.438635864257812500e+02
4.450169982910156250e+02
4.058607788085937500e+02
3.277638854980468750e+02
1.717273681640625000e+03
4.600327301025390625e+01
4.371933364868164062e+01
4.961106109619140625e+01
8.490147399902343750e+01
5.481701660156250000e+01
2.434566307067871094e+01
2.737642097473144531e+01
7.537156677246093750e+01
1.196880874633789062e+02
5.389009952545166016e+00
7.608664703369140625e+01
1.100846939086914062e+02
8.192398071289062500e+01
4.208650970458984375e+01
9.282265472412109375e+01
7.195993041992187500e+01
1.554782295227050781e+01
8.006045532226562500e+01
3.230908584594726562e+01
2.566636657714843750e+01
3.136048126220703125e+01
7.544515991210937500e+01
3.210380172729492188e+01
9.153760910034179688e+00
7.004301452636718750e+01
1.138537693023681641e+01
6.341619491577148438e+01
8.809921264648437500e+01
1.185219497680664062e+02
4.856184768676757812e+01
4.620204544067382812e+01
9.999999717180685366e-10
4.114453792572021484e+00
4.211307048797607422e+00
4.285924434661865234e+00
4.729511260986328125e+00
4.421358585357666016e+00
4.480885028839111328e+00
4.469598770141601562e+00
4.151955604553222656e+00
3.459344387054443359e+00
3.106604576110839844e+00
6.256453394889831543e-01
3.588873863220214844e+00
4.095578670501708984e+00
4.392590999603271484e+00
3.896039485931396484e+00
4.144626140594482422e+00
4.316521644592285156e+00
4.491784095764160156e+00
4.559951305389404297e+00
4.692849636077880859e+00
5.449047088623046875e+00
2.907156944274902344e+00
4.834240913391113281e+00
4.755921363830566406e+00
4.592075347900390625e+00
3.125466346740722656e+00
3.452281475067138672e+00
3.815575122833251953e+00
3.893004179000854492e+00
3.990494489669799805e+00
4.061704158782958984e+00
1.717273681640625000e+03
2.289617309570312500e+02
1.685741271972656250e+02
1.339092407226562500e+02
1.079883575439453125e+02
8.232878112792968750e+01
7.756018829345703125e+01
7.014330291748046875e+01
1.444946594238281250e+02
2.476372680664062500e+02
2.823694152832031250e+02
1.643738525390625000e+03
6.786197509765625000e+02
1.410764007568359375e+02
4.479887008666992188e+01
4.524846496582031250e+02
2.885314331054687500e+02
2.260407714843750000e+02
1.243667297363281250e+02
7.047707366943359375e+01
6.905715179443359375e+01
1.096453170776367188e+02
6.947539062500000000e+02
9.230348968505859375e+01
5.777359008789062500e+01
6.273425674438476562e+01
7.667504119873046875e+01
1.296203918457031250e+02
6.818062133789062500e+02
6.260945434570312500e+02
5.438428955078125000e+02
4.449877014160156250e+02
4.058378601074218750e+02
3.277576293945312500e+02
1.717138549804687500e+03
4.600042343139648438e+01
4.371879959106445312e+01
4.960410308837890625e+01
8.489714050292968750e+01
5.481330490112304688e+01
2.434395980834960938e+01
2.737348937988281250e+01
7.536648559570312500e+01
1.196573944091796875e+02
5.388686656951904297e+00
7.607432556152343750e+01
1.100794448852539062e+02
8.193311309814453125e+01
4.208358764648437500e+01
9.281526184082031250e+01
7.195493316650390625e+01
1.554679393768310547e+01
8.005484008789062500e+01
3.230419921875000000e+01
2.566467475891113281e+01
3.135806274414062500e+01
7.543918609619140625e+01
3.210140228271484375e+01
9.153149604797363281e+00
7.004257202148437500e+01
1.138461589813232422e+01
6.341127395629882812e+01
8.809294891357421875e+01
1.185142669677734375e+02
4.855852890014648438e+01
4.619868469238281250e+01
9.999999717180685366e-10
4.114338397979736328e+00
4.211180210113525391e+00
4.285826206207275391e+00
4.729371070861816406e+00
4.421190261840820312e+00
4.480757713317871094e+00
4.469453334808349609e+00
4.151856899261474609e+00
3.459236860275268555e+00
3.106548547744750977e+00
6.256489753723144531e-01
3.588772296905517578e+00
4.095470428466796875e+00
4.392472743988037109e+00
3.895924568176269531e+00
4.144503116607666016e+00
4.316410064697265625e+00
4.491672039031982422e+00
4.559835433959960938e+00
4.692714691162109375e+00
5.448920726776123047e+00
2.907068252563476562e+00
4.834085464477539062e+00
4.755745887756347656e+00
4.591940879821777344e+00
3.125382661819458008e+00
3.452188968658447266e+00
3.815444707870483398e+00
3.892897844314575195e+00
3.990428447723388672e+00
4.061588764190673828e+00
1.717138549804687500e+03
2.289500732421875000e+02
1.685542602539062500e+02
1.338514099121093750e+02
1.079843521118164062e+02
8.232863616943359375e+01
7.756044769287109375e+01
7.014056396484375000e+01
1.444869537353515625e+02
2.476212158203125000e+02
2.823576354980468750e+02
1.643662963867187500e+03
6.785570678710937500e+02
1.410767059326171875e+02
4.479603195190429688e+01
4.524634399414062500e+02
2.885107421875000000e+02
2.260170135498046875e+02
1.243621215820312500e+02
7.047702026367187500e+01
6.905706024169921875e+01
1.096409378051757812e+02
6.946678466796875000e+02
9.230584716796875000e+01
5.777358627319335938e+01
6.273359680175781250e+01
7.667388153076171875e+01
1.296140441894531250e+02
6.817607421875000000e+02
6.260433959960937500e+02
5.438081665039062500e+02
4.449749450683593750e+02
4.058132019042968750e+02
3.277549133300781250e+02
