-5.646594238281250000e+03
1.438980865478515625e+02
1.385033874511718750e+02
1.536829833984375000e+02
2.632876892089843750e+02
1.708576812744140625e+02
7.688954925537109375e+01
8.546681213378906250e+01
2.400746154785156250e+02
3.752882690429687500e+02
1.674817085266113281e+01
2.435929260253906250e+02
3.480561218261718750e+02
2.584732666015625000e+02
1.323616485595703125e+02
2.899159851074218750e+02
2.283604583740234375e+02
4.801208496093750000e+01
2.505818634033203125e+02
1.021702346801757812e+02
8.026329040527343750e+01
9.895950317382812500e+01
2.338520050048828125e+02
9.971447753906250000e+01
2.875611114501953125e+01
2.236392211914062500e+02
3.572309494018554688e+01
2.006184539794921875e+02
2.750238647460937500e+02
3.723178100585937500e+02
1.521992797851562500e+02
1.454398193359375000e+02
0.000000000000000000e+00
6.324686050415039062e+01
6.306204986572265625e+01
6.291859817504882812e+01
6.236621475219726562e+01
6.257744979858398438e+01
6.250166320800781250e+01
6.252685546875000000e+01
6.339214706420898438e+01
6.445834350585937500e+01
6.511656951904296875e+01
7.022254180908203125e+01
6.430388641357421875e+01
6.330172729492187500e+01
6.271410751342773438e+01
6.365987014770507812e+01
6.312127304077148438e+01
6.278596115112304688e+01
6.240663528442382812e+01
6.231061935424804688e+01
6.260352325439453125e+01
6.199840545654296875e+01
6.550589752197265625e+01
6.199041366577148438e+01
6.207143783569335938e+01
6.229406356811523438e+01
6.506246185302734375e+01
6.446350860595703125e+01
6.382129669189453125e+01
6.368008422851562500e+01
6.348765182495117188e+01
6.335058212280273438e+01
5.646594238281250000e+03
5.705520019531250000e+02
4.245963134765625000e+02
2.704294738769531250e+02
2.451864166259765625e+02
7.290560913085937500e+01
-6.513941764831542969e+00
1.456306610107421875e+02
-3.929881286621093750e+02
-7.681847534179687500e+02
-8.015404663085937500e+02
5.393097656250000000e+03
2.183076416015625000e+03
3.963678588867187500e+02
1.331195526123046875e+02
1.426813232421875000e+03
9.174747314453125000e+02
6.892911376953125000e+02
-3.068911743164062500e+02
-5.306773376464843750e+01
5.113090515136718750e+01
2.173141632080078125e+02
2.173937988281250000e+03
1.334404296875000000e+02
2.513201904296875000e+01
-7.531095123291015625e+01
1.071136322021484375e+02
3.342680358886718750e+02
2.135124511718750000e+03
1.934570556640625000e+03
1.655696044921875000e+03
1.282512329101562500e+03
1.130012451171875000e+03
9.616452636718750000e+02
-5.646708007812500000e+03
1.439009094238281250e+02
1.385061492919921875e+02
1.536861114501953125e+02
2.632929382324218750e+02
1.708610534667968750e+02
7.689113616943359375e+01
8.546853637695312500e+01
2.400791473388671875e+02
3.752954406738281250e+02
1.674848175048828125e+01
2.435977020263671875e+02
3.480632629394531250e+02
2.584781799316406250e+02
1.323643188476562500e+02
2.899218139648437500e+02
2.283650054931640625e+02
4.801312255859375000e+01
2.505867462158203125e+02
1.021723175048828125e+02
8.026490783691406250e+01
9.896144104003906250e+01
2.338568267822265625e+02
9.971641540527343750e+01
2.875666618347167969e+01
2.236437530517578125e+02
3.572385025024414062e+01
2.006225280761718750e+02
2.750291442871093750e+02
3.723253784179687500e+02
1.522022705078125000e+02
1.454426269531250000e+02
0.000000000000000000e+00
6.324670791625976562e+01
6.306187057495117188e+01
6.291843795776367188e+01
6.236605453491210938e+01
6.257726287841796875e+01
6.250149536132812500e+01
6.252669525146484375e+01
6.339194869995117188e+01
6.445818328857421875e+01
6.511638641357421875e+01
7.022254180908203125e+01
6.430365753173828125e+01
6.330154037475585938e+01
6.271392822265625000e+01
6.365963745117187500e+01
6.312105941772460938e+01
6.278578567504882812e+01
6.240647506713867188e+01
6.231047058105468750e+01
6.260336303710937500e+01
6.199822616577148438e+01
6.550572204589843750e+01
6.199029159545898438e+01
6.207123947143554688e+01
6.229390335083007812e+01
6.506223297119140625e+01
6.446331024169921875e+01
6.382109069824218750e+01
6.367989730834960938e+01
6.348749160766601562e+01
6.335037612915039062e+01
5.646708007812500000e+03
5.705632324218750000e+02
4.246047363281250000e+02
2.704347229003906250e+02
2.451912841796875000e+02
7.290702819824218750e+01
-6.514044761657714844e+00
1.456336517333984375e+02
-3.929955749511718750e+02
-7.681999511718750000e+02
-8.015552368164062500e+02
5.393206542968750000e+03
2.183119140625000000e+03
3.963754882812500000e+02
1.331222229003906250e+02
1.426841430664062500e+03
9.174930419921875000e+02
6.893045043945312500e+02
-3.068971557617187500e+02
-5.306873321533203125e+01
5.113197326660156250e+01
2.173182830810546875e+02
2.173981933593750000e+03
1.334429016113281250e+02
2.513257598876953125e+01
-7.531240844726562500e+01
1.071156768798828125e+02
3.342742309570312500e+02
2.135166992187500000e+03
1.934608154296875000e+03
1.655727294921875000e+03
1.282536132812500000e+03
1.130034423828125000e+03
9.616644287109375000e+02
-5.646811035156250000e+03
1.439036865234375000e+02
1.385087890625000000e+02
1.536891632080078125e+02
2.632981262207031250e+02
1.708643493652343750e+02
7.689260101318359375e+01
8.547026824951171875e+01
2.400837860107421875e+02
3.753028564453125000e+02
1.674877929687500000e+01
2.436024475097656250e+02
3.480699157714843750e+02
2.584832458496093750e+02
1.323669586181640625e+02
2.899274902343750000e+02
2.283694610595703125e+02
4.801410675048828125e+01
2.505917358398437500e+02
1.021742095947265625e+02
8.026654052734375000e+01
9.896338653564453125e+01
2.338615875244140625e+02
9.971836853027343750e+01
2.875721740722656250e+01
2.236481781005859375e+02
3.572452545166015625e+01
2.006262817382812500e+02
2.750346679687500000e+02
3.723331909179687500e+02
1.522052307128906250e+02
1.454455566406250000e+02
0.000000000000000000e+00
6.324650192260742188e+01
6.306171035766601562e+01
6.291822814941406250e+01
6.236583709716796875e+01
6.257707595825195312e+01
6.250128555297851562e+01
6.252647781372070312e+01
6.339176940917968750e+01
6.445797729492187500e+01
6.511619567871093750e+01
7.022254180908203125e+01
6.430346679687500000e+01
6.330131530761718750e+01
6.271373748779296875e+01
6.365947723388671875e+01
6.312082290649414062e+01
6.278554916381835938e+01
6.240625000000000000e+01
6.231029129028320312e+01
6.260311889648437500e+01
6.199803543090820312e+01
6.550554656982421875e+01
6.199003601074218750e+01
6.207107925415039062e+01
6.229367065429687500e+01
6.506205749511718750e+01
6.446311187744140625e+01
6.382089233398437500e+01
6.367967224121093750e+01
6.348725891113281250e+01
6.335015869140625000e+01
5.646811035156250000e+03
5.705741577148437500e+02
4.246130676269531250e+02
2.704398498535156250e+02
2.451959075927734375e+02
7.290840911865234375e+01
-6.514153003692626953e+00
1.456364440917968750e+02
-3.930031127929687500e+02
-7.682148437500000000e+02
-8.015710449218750000e+02
5.393307617187500000e+03
2.183160156250000000e+03
3.963834533691406250e+02
1.331248474121093750e+02
1.426869262695312500e+03
9.175105590820312500e+02
6.893178100585937500e+02
-3.069029846191406250e+02
-5.306969451904296875e+01
5.113301849365234375e+01
2.173222961425781250e+02
2.174022216796875000e+03
1.334453582763671875e+02
2.513310050964355469e+01
-7.531381225585937500e+01
1.071176757812500000e+02
3.342804565429687500e+02
2.135206298828125000e+03
1.934646118164062500e+03
1.655759399414062500e+03
1.282561157226562500e+03
1.130054565429687500e+03
9.616826171875000000e+02
-5.646916992187500000e+03
1.439064941406250000e+02
1.385113677978515625e+02
1.536921386718750000e+02
2.633034973144531250e+02
1.708674774169921875e+02
7.689411163330078125e+01
8.547186279296875000e+01
2.400883483886718750e+02
3.753096618652343750e+02
1.674908638000488281e+01
2.436068267822265625e+02
3.480764465332031250e+02
2.584881591796875000e+02
1.323694610595703125e+02
2.899330749511718750e+02
2.283735504150390625e+02
4.801504898071289062e+01
2.505964202880859375e+02
1.021761703491210938e+02
8.026802825927734375e+01
9.896517944335937500e+01
2.338661193847656250e+02
9.972022247314453125e+01
2.875770568847656250e+01
2.236522064208984375e+02
3.572521591186523438e+01
2.006300201416015625e+02
2.750398559570312500e+02
3.723396911621093750e+02
1.522081909179687500e+02
1.454480743408203125e+02
0.000000000000000000e+00
6.324626541137695312e+01
6.306140899658203125e+01
6.291804122924804688e+01
6.236561203002929688e+01
6.257682037353515625e+01
6.250106048583984375e+01
6.252626037597656250e+01
6.339153289794921875e+01
6.445777893066406250e+01
6.511603546142578125e+01
7.022254180908203125e+01
6.430324554443359375e+01
6.330111694335937500e+01
6.271346664428710938e+01
6.365920257568359375e+01
6.312061691284179688e+01
6.278533172607421875e+01
6.240605163574218750e+01
6.231002807617187500e+01
6.260290908813476562e+01
6.199774551391601562e+01
6.550539398193359375e+01
6.198981857299804688e+01
6.207083511352539062e+01
6.229342651367187500e+01
6.506185150146484375e+01
6.446289825439453125e+01
6.382066726684570312e+01
6.367946243286132812e+01
6.348704910278320312e+01
6.334992599487304688e+01
5.646916992187500000e+03
5.705847778320312500e+02
4.246211547851562500e+02
2.704452819824218750e+02
2.452004547119140625e+02
7.290969085693359375e+01
-6.514245033264160156e+00
1.456391754150390625e+02
-3.930102539062500000e+02
-7.682289428710937500e+02
-8.015853271484375000e+02
5.393401367187500000e+03
2.183202392578125000e+03
3.963902282714843750e+02
1.331273345947265625e+02
1.426895019531250000e+03
9.175278930664062500e+02
6.893298950195312500e+02
-3.069086608886718750e+02
-5.307066345214843750e+01
5.113397979736328125e+01
2.173262176513671875e+02
2.174065185546875000e+03
1.334477539062500000e+02
2.513360595703125000e+01
-7.531517791748046875e+01
1.071195831298828125e+02
3.342863159179687500e+02
2.135245361328125000e+03
1.934682861328125000e+03
1.655790039062500000e+03
1.282583374023437500e+03
1.130075683593750000e+03
9.617006225585937500e+02
-5.647008789062500000e+03
1.439089813232421875e+02
1.385136108398437500e+02
1.536947937011718750e+02
2.633079528808593750e+02
1.708703460693359375e+02
7.689543914794921875e+01
8.547339630126953125e+01
2.400921936035156250e+02
3.753160705566406250e+02
1.674932670593261719e+01
2.436109008789062500e+02
3.480822448730468750e+02
2.584923400878906250e+02
1.323716735839843750e+02
2.899381408691406250e+02
2.283772888183593750e+02
4.801588821411132812e+01
2.506007690429687500e+02
1.021779174804687500e+02
8.026940155029296875e+01
9.896688079833984375e+01
2.338699035644531250e+02
9.972192382812500000e+01
2.875815200805664062e+01
2.236559143066406250e+02
3.572576141357421875e+01
2.006333923339843750e+02
2.750445861816406250e+02
3.723460998535156250e+02
1.522107849121093750e+02
1.454506378173828125e+02
0.000000000000000000e+00
6.324609756469726562e+01
6.306127929687500000e+01
6.291779708862304688e+01
6.236539459228515625e+01
6.257665252685546875e+01
6.250085449218750000e+01
6.252604293823242188e+01
6.339131546020507812e+01
6.445765686035156250e+01
6.511589813232421875e+01
7.022254180908203125e+01
6.430307769775390625e+01
6.330090713500976562e+01
6.271326828002929688e+01
6.365905380249023438e+01
6.312039947509765625e+01
6.278511428833007812e+01
6.240579986572265625e+01
6.230986785888671875e+01
6.260268402099609375e+01
6.199758529663085938e+01
6.550528717041015625e+01
6.198962402343750000e+01
6.207062911987304688e+01
6.229324722290039062e+01
6.506171417236328125e+01
6.446273040771484375e+01
6.382051467895507812e+01
6.367926406860351562e+01
6.348683547973632812e+01
6.334974670410156250e+01
5.647008789062500000e+03
5.705938720703125000e+02
4.246282043457031250e+02
2.704497680664062500e+02
2.452044982910156250e+02
7.291092681884765625e+01
-6.514395236968994141e+00
1.456415557861328125e+02
-3.930169067382812500e+02
-7.682417602539062500e+02
-8.015980834960937500e+02
5.393488281250000000e+03
2.183235351562500000e+03
3.963968200683593750e+02
1.331295471191406250e+02
1.426917968750000000e+03
9.175427246093750000e+02
6.893410034179687500e+02
-3.069138793945312500e+02
-5.307141113281250000e+01
5.113487243652343750e+01
2.173296203613281250e+02
2.174098632812500000e+03
1.334499053955078125e+02
2.513405609130859375e+01
-7.531637573242187500e+01
1.071212615966796875e+02
3.342915344238281250e+02
2.135280029296875000e+03
1.934714965820312500e+03
1.655817138671875000e+03
1.282604980468750000e+03
1.130093872070312500e+03
9.617163696289062500e+02
