-5.687272949218750000e+03
1.453053436279296875e+02
1.393419494628906250e+02
1.566687622070312500e+02
2.595949401855468750e+02
1.702545471191406250e+02
7.776411437988281250e+01
8.548019409179687500e+01
2.413379974365234375e+02
3.718119812011718750e+02
1.674516105651855469e+01
2.478429718017578125e+02
3.556145629882812500e+02
2.607524108886718750e+02
1.339283142089843750e+02
2.864755859375000000e+02
2.283724822998046875e+02
4.724580001831054688e+01
2.496391143798828125e+02
1.024023132324218750e+02
8.024236297607421875e+01
9.955373382568359375e+01
2.355440368652343750e+02
9.777001953125000000e+01
2.890068435668945312e+01
2.211467437744140625e+02
3.570180892944335938e+01
2.007380676269531250e+02
2.752306518554687500e+02
3.732354431152343750e+02
1.523781433105468750e+02
1.459680175781250000e+02
0.000000000000000000e+00
6.318806457519531250e+01
6.300354766845703125e+01
6.287511825561523438e+01
6.238837814331054688e+01
6.241563796997070312e+01
6.232250213623046875e+01
6.233988189697265625e+01
6.330664062500000000e+01
6.444374084472656250e+01
6.512100219726562500e+01
6.955641174316406250e+01
6.418353271484375000e+01
6.310455703735351562e+01
6.255995941162109375e+01
6.354520416259765625e+01
6.297388076782226562e+01
6.259351348876953125e+01
6.218329620361328125e+01
6.208226394653320312e+01
6.251982498168945312e+01
6.188577270507812500e+01
6.556680297851562500e+01
6.167032241821289062e+01
6.175702285766601562e+01
6.197362136840820312e+01
6.503231048583984375e+01
6.439266967773437500e+01
6.371991729736328125e+01
6.358441162109375000e+01
6.342120361328125000e+01
6.328730010986328125e+01
5.687272949218750000e+03
5.700823364257812500e+02
4.292433776855468750e+02
2.685071411132812500e+02
2.456387023925781250e+02
7.402346038818359375e+01
-7.224295139312744141e+00
1.533560638427734375e+02
-3.957120971679687500e+02
-7.674644165039062500e+02
-7.856936645507812500e+02
5.439088378906250000e+03
2.228400878906250000e+03
4.033660278320312500e+02
1.350313568115234375e+02
1.444336181640625000e+03
9.375038452148437500e+02
7.092187500000000000e+02
-3.109589233398437500e+02
-4.854346466064453125e+01
5.387029647827148438e+01
2.147891387939453125e+02
2.178160644531250000e+03
1.342395172119140625e+02
3.049598693847656250e+01
-7.540817260742187500e+01
1.048420181274414062e+02
3.509348449707031250e+02
2.136954833984375000e+03
1.936016967773437500e+03
1.659970092773437500e+03
1.270665283203125000e+03
1.110632812500000000e+03
9.620484008789062500e+02
