1.745415893554687500e+03
4.637210083007812500e+01
4.369404602050781250e+01
5.032365798950195312e+01
8.272893524169921875e+01
5.463777160644531250e+01
2.484566497802734375e+01
2.754980659484863281e+01
7.534478759765625000e+01
1.180937194824218750e+02
5.437695026397705078e+00
7.674306488037109375e+01
1.137173385620117188e+02
8.229310607910156250e+01
4.243854522705078125e+01
9.119141387939453125e+01
7.214501190185546875e+01
1.498520755767822266e+01
7.812194824218750000e+01
3.199806022644042969e+01
2.532217407226562500e+01
3.163279151916503906e+01
7.509320831298828125e+01
3.125487518310546875e+01
9.223502159118652344e+00
6.994386291503906250e+01
1.136751270294189453e+01
6.469211578369140625e+01
8.899296569824218750e+01
1.181420440673828125e+02
4.853178405761718750e+01
4.621467590332031250e+01
9.999999717180685366e-10
4.033869266510009766e+00
4.126278400421142578e+00
4.184936523437500000e+00
4.427257537841796875e+00
4.400485038757324219e+00
4.530418395996093750e+00
4.462618350982666016e+00
3.928274869918823242e+00
3.354125261306762695e+00
3.017118453979492188e+00
2.579148709774017334e-01
3.501654624938964844e+00
4.058649063110351562e+00
4.406061649322509766e+00
3.825391054153442383e+00
4.104863643646240234e+00
4.310374736785888672e+00
4.538736820220947266e+00
4.585975646972656250e+00
4.385864734649658203e+00
4.990406036376953125e+00
2.854284286499023438e+00
5.157413959503173828e+00
5.004331588745117188e+00
4.757103443145751953e+00
3.144697189331054688e+00
3.461671829223632812e+00
3.795157194137573242e+00
3.855380296707153320e+00
3.934129953384399414e+00
3.992455482482910156e+00
1.745415893554687500e+03
2.088979797363281250e+02
1.697044067382812500e+02
1.198696899414062500e+02
1.077082138061523438e+02
7.850833129882812500e+01
7.121457672119140625e+01
7.307969665527343750e+01
1.307394866943359375e+02
2.382912139892578125e+02
2.449414672851562500e+02
1.676390136718750000e+03
7.375762939453125000e+02
1.497370605468750000e+02
5.102166748046875000e+01
4.913961791992187500e+02
3.413512573242187500e+02
2.879323120117187500e+02
1.624248809814453125e+02
8.701919555664062500e+01
8.618709564208984375e+01
8.491004943847656250e+01
6.952108154296875000e+02
6.915704345703125000e+01
5.783091735839843750e+01
7.986647033691406250e+01
8.375891113281250000e+01
2.203796539306640625e+02
6.796032714843750000e+02
6.229522705078125000e+02
5.459130249023437500e+02
4.115780029296875000e+02
3.538012695312500000e+02
3.124181518554687500e+02
