1.745855957031250000e+03
4.638753890991210938e+01
4.370627975463867188e+01
5.032918930053710938e+01
8.274211883544921875e+01
5.464928054809570312e+01
2.484238243103027344e+01
2.755108451843261719e+01
7.534658050537109375e+01
1.181061172485351562e+02
5.440398693084716797e+00
7.675496673583984375e+01
1.137467346191406250e+02
8.231422424316406250e+01
4.244015121459960938e+01
9.122184753417968750e+01
7.215916442871093750e+01
1.498902606964111328e+01
7.814598846435546875e+01
3.201098632812500000e+01
2.532766532897949219e+01
3.162603187561035156e+01
7.510891723632812500e+01
3.125622367858886719e+01
9.226593971252441406e+00
6.995828247070312500e+01
1.136947154998779297e+01
6.470421600341796875e+01
8.900228881835937500e+01
1.181657333374023438e+02
4.854462814331054688e+01
4.621530151367187500e+01
9.999999717180685366e-10
4.034402847290039062e+00
4.126827716827392578e+00
4.185496807098388672e+00
4.427853107452392578e+00
4.401066780090332031e+00
4.531020641326904297e+00
4.463207244873046875e+00
3.928757190704345703e+00
3.354490280151367188e+00
3.017465829849243164e+00
2.579441964626312256e-01
3.502057552337646484e+00
4.059157371520996094e+00
4.406639575958251953e+00
3.825881004333496094e+00
4.105362892150878906e+00
4.310977458953857422e+00
4.539341926574707031e+00
4.586598873138427734e+00
4.386397838592529297e+00
4.990949630737304688e+00
2.854548931121826172e+00
5.158029079437255859e+00
5.004989624023437500e+00
4.757719516754150391e+00
3.145021915435791016e+00
3.462030410766601562e+00
3.795604228973388672e+00
3.855849266052246094e+00
3.934637784957885742e+00
3.992958545684814453e+00
1.745855957031250000e+03
2.089450836181640625e+02
1.697383270263671875e+02
1.198806686401367188e+02
1.077101821899414062e+02
7.850947570800781250e+01
7.121398925781250000e+01
7.309496307373046875e+01
1.307509307861328125e+02
2.383353424072265625e+02
2.450045318603515625e+02
1.676856811523437500e+03
7.377020874023437500e+02
1.497687377929687500e+02
5.103210449218750000e+01
4.915013732910156250e+02
3.414071655273437500e+02
2.879768676757812500e+02
1.624475097656250000e+02
8.701876068115234375e+01
8.618804168701171875e+01
8.492195129394531250e+01
6.953850097656250000e+02
6.917675781250000000e+01
5.783087921142578125e+01
7.987271118164062500e+01
8.376665496826171875e+01
2.203903198242187500e+02
6.797377929687500000e+02
6.230734252929687500e+02
5.460454101562500000e+02
4.116541442871093750e+02
3.538936157226562500e+02
3.125128479003906250e+02
1.745778076171875000e+03
4.638701629638671875e+01
4.370252227783203125e+01
5.032805633544921875e+01
8.273943328857421875e+01
5.464683532714843750e+01
2.484133529663085938e+01
2.755003166198730469e+01
7.535712432861328125e+01
1.181005477905273438e+02
5.438631534576416016e+00
7.675154113769531250e+01
1.137458114624023438e+02
8.230839538574218750e+01
4.243871688842773438e+01
9.121399688720703125e+01
7.215827941894531250e+01
1.498835849761962891e+01
7.814186859130859375e+01
3.201160430908203125e+01
2.532667350769042969e+01
3.162420654296875000e+01
7.510595703125000000e+01
3.124936866760253906e+01
9.226202011108398438e+00
6.995401763916015625e+01
1.136967754364013672e+01
6.469976043701171875e+01
8.899946594238281250e+01
1.181565933227539062e+02
4.854254913330078125e+01
4.621347045898437500e+01
9.999999717180685366e-10
4.034263134002685547e+00
4.126719474792480469e+00
4.185350894927978516e+00
4.427735805511474609e+00
4.400948047637939453e+00
4.530878067016601562e+00
4.463064193725585938e+00
3.928663730621337891e+00
3.354404687881469727e+00
3.017393112182617188e+00
2.579369246959686279e-01
3.501963376998901367e+00
4.059049129486083984e+00
4.406485080718994141e+00
3.825765848159790039e+00
4.105244159698486328e+00
4.310826778411865234e+00
4.539231300354003906e+00
4.586476802825927734e+00
4.386259078979492188e+00
4.990802288055419922e+00
2.854481935501098633e+00
5.157901287078857422e+00
5.004815101623535156e+00
4.757588386535644531e+00
3.144951581954956055e+00
3.461939573287963867e+00
3.795504093170166016e+00
3.855763912200927734e+00
3.934511899948120117e+00
3.992873430252075195e+00
1.745778076171875000e+03
2.089380035400390625e+02
1.697246398925781250e+02
1.198803863525390625e+02
1.077073287963867188e+02
7.850912475585937500e+01
7.121391296386718750e+01
7.309384918212890625e+01
1.307441864013671875e+02
2.383074340820312500e+02
2.449936676025390625e+02
1.676775390625000000e+03
7.376709594726562500e+02
1.497582702636718750e+02
5.102872467041015625e+01
4.914837951660156250e+02
3.413944396972656250e+02
2.879642944335937500e+02
1.624409790039062500e+02
8.701919555664062500e+01
8.618731689453125000e+01
8.492150115966796875e+01
6.953574829101562500e+02
6.916604614257812500e+01
5.783094787597656250e+01
7.987244415283203125e+01
8.376248168945312500e+01
2.203875122070312500e+02
6.797205810546875000e+02
6.230504150390625000e+02
5.460068969726562500e+02
4.116356811523437500e+02
3.538906860351562500e+02
3.125165405273437500e+02
1.745676513671875000e+03
4.638522720336914062e+01
4.370009231567382812e+01
5.033076858520507812e+01
8.274009704589843750e+01
5.464434814453125000e+01
2.484768104553222656e+01
2.754798889160156250e+01
7.535311126708984375e+01
1.180946960449218750e+02
5.438353538513183594e+00
7.674660491943359375e+01
1.137348480224609375e+02
8.230520629882812500e+01
4.244463729858398438e+01
9.120135498046875000e+01
7.215568542480468750e+01
1.498751163482666016e+01
7.813553619384765625e+01
3.200958633422851562e+01
2.532527351379394531e+01
3.162249755859375000e+01
7.510060119628906250e+01
3.124766921997070312e+01
9.225234031677246094e+00
6.995033264160156250e+01
1.136897945404052734e+01
6.469427490234375000e+01
8.900540161132812500e+01
1.181497726440429688e+02
4.853939819335937500e+01
4.622160720825195312e+01
9.999999717180685366e-10
4.034129142761230469e+00
4.126576423645019531e+00
4.185212135314941406e+00
4.427566528320312500e+00
4.400781631469726562e+00
4.530757904052734375e+00
4.462921142578125000e+00
3.928541183471679688e+00
3.354307651519775391e+00
3.017299413681030273e+00
2.579291760921478271e-01
3.501879453659057617e+00
4.058930397033691406e+00
4.406338214874267578e+00
3.825634002685546875e+00
4.105123996734619141e+00
4.310703754425048828e+00
4.539053440093994141e+00
4.586287498474121094e+00
4.386132240295410156e+00
4.990665912628173828e+00
2.854411602020263672e+00
5.157732963562011719e+00
5.004659652709960938e+00
4.757424831390380859e+00
3.144866466522216797e+00
3.461863756179809570e+00
3.795382261276245117e+00
3.855631589889526367e+00
3.934380054473876953e+00
3.992717981338500977e+00
1.745676513671875000e+03
2.089193725585937500e+02
1.697166137695312500e+02
1.198765258789062500e+02
1.077038116455078125e+02
7.850892639160156250e+01
7.121417236328125000e+01
7.309239196777343750e+01
1.307443237304687500e+02
2.382937622070312500e+02
2.449820861816406250e+02
1.676644409179687500e+03
7.376350097656250000e+02
1.497520599365234375e+02
5.102642822265625000e+01
4.914601135253906250e+02
3.413827514648437500e+02
2.879623718261718750e+02
1.624343872070312500e+02
8.701935577392578125e+01
8.618743133544921875e+01
8.491831207275390625e+01
6.952883300781250000e+02
6.916403961181640625e+01
5.783093261718750000e+01
7.987200164794921875e+01
8.376119995117187500e+01
2.203830718994140625e+02
6.796638793945312500e+02
6.230361938476562500e+02
5.459739379882812500e+02
4.116109313964843750e+02
3.538642578125000000e+02
3.124667053222656250e+02
1.745549682617187500e+03
4.637491989135742188e+01
4.369721984863281250e+01
5.032767868041992188e+01
8.273471832275390625e+01
5.464012527465820312e+01
2.484767150878906250e+01
2.755179595947265625e+01
7.534915924072265625e+01
1.181011962890625000e+02
5.438005447387695312e+00
7.674584197998046875e+01
1.137255706787109375e+02
8.230015563964843750e+01
4.244177246093750000e+01
9.119763946533203125e+01
7.214990997314453125e+01
1.498644447326660156e+01
7.812783813476562500e+01
3.200270462036132812e+01
2.532398796081542969e+01
3.162041091918945312e+01
7.509606170654296875e+01
3.125701141357421875e+01
9.224104881286621094e+00
6.994927215576171875e+01
1.136826229095458984e+01
6.469798278808593750e+01
8.899941253662109375e+01
1.181585998535156250e+02
4.853573226928710938e+01
4.621871185302734375e+01
9.999999717180685366e-10
4.033995628356933594e+00
4.126426219940185547e+00
4.185081958770751953e+00
4.427395343780517578e+00
4.400649547576904297e+00
4.530583381652832031e+00
4.462745666503906250e+00
3.928419351577758789e+00
3.354218482971191406e+00
3.017209768295288086e+00
2.579216659069061279e-01
3.501767158508300781e+00
4.058778285980224609e+00
4.406205654144287109e+00
3.825504779815673828e+00
4.104970455169677734e+00
4.310529232025146484e+00
4.538889408111572266e+00
4.586126327514648438e+00
4.385973930358886719e+00
4.990515708923339844e+00
2.854354143142700195e+00
5.157560348510742188e+00
5.004499912261962891e+00
4.757287502288818359e+00
3.144782543182373047e+00
3.461781024932861328e+00
3.795260667800903320e+00
3.855499744415283203e+00
3.934249401092529297e+00
3.992587566375732422e+00
1.745549682617187500e+03
2.089088134765625000e+02
1.697087097167968750e+02
1.198736572265625000e+02
1.077003707885742188e+02
7.850868225097656250e+01
7.121440887451171875e+01
7.309033966064453125e+01
1.307449798583984375e+02
2.383076934814453125e+02
2.449627380371093750e+02
1.676490112304687500e+03
7.376060180664062500e+02
1.497447509765625000e+02
5.102408218383789062e+01
4.914317932128906250e+02
3.413635253906250000e+02
2.879506835937500000e+02
1.624301910400390625e+02
8.701938629150390625e+01
8.618753051757812500e+01
8.491745758056640625e+01
6.952741088867187500e+02
6.915930938720703125e+01
5.783090972900390625e+01
7.987159729003906250e+01
8.375981903076171875e+01
2.203820648193359375e+02
6.796281738281250000e+02
6.229980468750000000e+02
5.459475708007812500e+02
4.115838623046875000e+02
3.538421020507812500e+02
3.124388732910156250e+02
1.745415893554687500e+03
4.637210083007812500e+01
4.369404602050781250e+01
5.032365798950195312e+01
8.272893524169921875e+01
5.463777160644531250e+01
2.484566497802734375e+01
2.754980659484863281e+01
7.534478759765625000e+01
1.180937194824218750e+02
5.437695026397705078e+00
7.674306488037109375e+01
1.137173385620117188e+02
8.229310607910156250e+01
4.243854522705078125e+01
9.119141387939453125e+01
7.214501190185546875e+01
1.498520755767822266e+01
7.812194824218750000e+01
3.199806022644042969e+01
2.532217407226562500e+01
3.163279151916503906e+01
7.509320831298828125e+01
3.125487518310546875e+01
9.223502159118652344e+00
6.994386291503906250e+01
1.136751270294189453e+01
6.469211578369140625e+01
8.899296569824218750e+01
1.181420440673828125e+02
4.853178405761718750e+01
4.621467590332031250e+01
9.999999717180685366e-10
4.033869266510009766e+00
4.126278400421142578e+00
4.184936523437500000e+00
4.427257537841796875e+00
4.400485038757324219e+00
4.530418395996093750e+00
4.462618350982666016e+00
3.928274869918823242e+00
3.354125261306762695e+00
3.017118453979492188e+00
2.579148709774017334e-01
3.501654624938964844e+00
4.058649063110351562e+00
4.406061649322509766e+00
3.825391054153442383e+00
4.104863643646240234e+00
4.310374736785888672e+00
4.538736820220947266e+00
4.585975646972656250e+00
4.385864734649658203e+00
4.990406036376953125e+00
2.854284286499023438e+00
5.157413959503173828e+00
5.004331588745117188e+00
4.757103443145751953e+00
3.144697189331054688e+00
3.461671829223632812e+00
3.795157194137573242e+00
3.855380296707153320e+00
3.934129953384399414e+00
3.992455482482910156e+00
1.745415893554687500e+03
2.088979797363281250e+02
1.697044067382812500e+02
1.198696899414062500e+02
1.077082138061523438e+02
7.850833129882812500e+01
7.121457672119140625e+01
7.307969665527343750e+01
1.307394866943359375e+02
2.382912139892578125e+02
2.449414672851562500e+02
1.676390136718750000e+03
7.375762939453125000e+02
1.497370605468750000e+02
5.102166748046875000e+01
4.913961791992187500e+02
3.413512573242187500e+02
2.879323120117187500e+02
1.624248809814453125e+02
8.701919555664062500e+01
8.618709564208984375e+01
8.491004943847656250e+01
6.952108154296875000e+02
6.915704345703125000e+01
5.783091735839843750e+01
7.986647033691406250e+01
8.375891113281250000e+01
2.203796539306640625e+02
6.796032714843750000e+02
6.229522705078125000e+02
5.459130249023437500e+02
4.115780029296875000e+02
3.538012695312500000e+02
3.124181518554687500e+02
