-5.686857910156250000e+03
1.452944641113281250e+02
1.393316192626953125e+02
1.566566162109375000e+02
2.595751342773437500e+02
1.702414703369140625e+02
7.775827789306640625e+01
8.547367858886718750e+01
2.413206176757812500e+02
3.717841491699218750e+02
1.674394607543945312e+01
2.478251953125000000e+02
3.555874938964843750e+02
2.607331542968750000e+02
1.339183044433593750e+02
2.864541931152343750e+02
2.283553619384765625e+02
4.724206924438476562e+01
2.496206970214843750e+02
1.023945770263671875e+02
8.023618316650390625e+01
9.954639434814453125e+01
2.355260772705078125e+02
9.776271820068359375e+01
2.889846611022949219e+01
2.211305084228515625e+02
3.569919204711914062e+01
2.007228393554687500e+02
2.752097167968750000e+02
3.732077026367187500e+02
1.523669433593750000e+02
1.459570159912109375e+02
0.000000000000000000e+00
6.318879699707031250e+01
6.300428009033203125e+01
6.287582397460937500e+01
6.238908386230468750e+01
6.241642379760742188e+01
6.232324218750000000e+01
6.234062576293945312e+01
6.330729293823242188e+01
6.444434356689453125e+01
6.512148284912109375e+01
6.955641174316406250e+01
6.418412017822265625e+01
6.310526275634765625e+01
6.256072998046875000e+01
6.354584503173828125e+01
6.297461318969726562e+01
6.259423065185546875e+01
6.218405532836914062e+01
6.208301162719726562e+01
6.252057647705078125e+01
6.188654327392578125e+01
6.556723022460937500e+01
6.167107772827148438e+01
6.175779342651367188e+01
6.197436523437500000e+01
6.503276824951171875e+01
6.439322662353515625e+01
6.372058105468750000e+01
6.358502578735351562e+01
6.342192459106445312e+01
6.328799057006835938e+01
5.686857910156250000e+03
5.700399169921875000e+02
4.292111816406250000e+02
2.684875488281250000e+02
2.456207275390625000e+02
7.401870727539062500e+01
-7.223371982574462891e+00
1.533450622558593750e+02
-3.956836547851562500e+02
-7.674080200195312500e+02
-7.856353759765625000e+02
5.438697753906250000e+03
2.228242675781250000e+03
4.033371276855468750e+02
1.350213470458984375e+02
1.444233764648437500e+03
9.374369506835937500e+02
7.091685791015625000e+02
-3.109365844726562500e+02
-4.853941726684570312e+01
5.386663818359375000e+01
2.147737579345703125e+02
2.178000976562500000e+03
1.342301940917968750e+02
3.049411201477050781e+01
-7.540276336669921875e+01
1.048345565795898438e+02
3.509107666015625000e+02
2.136797607421875000e+03
1.935875000000000000e+03
1.659849121093750000e+03
1.270572509765625000e+03
1.110551147460937500e+03
9.619769897460937500e+02
-5.686964843750000000e+03
1.452972259521484375e+02
1.393342132568359375e+02
1.566597595214843750e+02
2.595802001953125000e+02
1.702449493408203125e+02
7.775981140136718750e+01
8.547537994384765625e+01
2.413249206542968750e+02
3.717913513183593750e+02
1.674426651000976562e+01
2.478297882080078125e+02
3.555949096679687500e+02
2.607380065917968750e+02
1.339210357666015625e+02
2.864601440429687500e+02
2.283597106933593750e+02
4.724305343627929688e+01
2.496255798339843750e+02
1.023965988159179688e+02
8.023783111572265625e+01
9.954832458496093750e+01
2.355308227539062500e+02
9.776467132568359375e+01
2.889904022216796875e+01
2.211347198486328125e+02
3.569990921020507812e+01
2.007270355224609375e+02
2.752153930664062500e+02
3.732150573730468750e+02
1.523698883056640625e+02
1.459599609375000000e+02
0.000000000000000000e+00
6.318856048583984375e+01
6.300407028198242188e+01
6.287560272216796875e+01
6.238888931274414062e+01
6.241621398925781250e+01
6.232303619384765625e+01
6.234041595458984375e+01
6.330710983276367188e+01
6.444416046142578125e+01
6.512133026123046875e+01
6.955641174316406250e+01
6.418391418457031250e+01
6.310505294799804688e+01
6.256049346923828125e+01
6.354563140869140625e+01
6.297440338134765625e+01
6.259402465820312500e+01
6.218384552001953125e+01
6.208280563354492188e+01
6.252033996582031250e+01
6.188634872436523438e+01
6.556707000732421875e+01
6.167087173461914062e+01
6.175758361816406250e+01
6.197418212890625000e+01
6.503263854980468750e+01
6.439304351806640625e+01
6.372037506103515625e+01
6.358485031127929688e+01
6.342167663574218750e+01
6.328778076171875000e+01
5.686964843750000000e+03
5.700509033203125000e+02
4.292196960449218750e+02
2.684926147460937500e+02
2.456255493164062500e+02
7.401991271972656250e+01
-7.223680973052978516e+00
1.533480834960937500e+02
-3.956910400390625000e+02
-7.674226074218750000e+02
-7.856503295898437500e+02
5.438803710937500000e+03
2.228283935546875000e+03
4.033446960449218750e+02
1.350240936279296875e+02
1.444260498046875000e+03
9.374547729492187500e+02
7.091822509765625000e+02
-3.109423828125000000e+02
-4.854050827026367188e+01
5.386760330200195312e+01
2.147778625488281250e+02
2.178044921875000000e+03
1.342327728271484375e+02
3.049458694458007812e+01
-7.540421295166015625e+01
1.048365020751953125e+02
3.509172058105468750e+02
2.136838867187500000e+03
1.935913208007812500e+03
1.659881347656250000e+03
1.270596313476562500e+03
1.110572875976562500e+03
9.619961547851562500e+02
-5.687071289062500000e+03
1.453001708984375000e+02
1.393369903564453125e+02
1.566630859375000000e+02
2.595853271484375000e+02
1.702483367919921875e+02
7.776136016845703125e+01
8.547706604003906250e+01
2.413295135498046875e+02
3.717985534667968750e+02
1.674458694458007812e+01
2.478344879150390625e+02
3.556020812988281250e+02
2.607432556152343750e+02
1.339237213134765625e+02
2.864652709960937500e+02
2.283642578125000000e+02
4.724402999877929688e+01
2.496304626464843750e+02
1.023987045288085938e+02
8.023940277099609375e+01
9.955019378662109375e+01
2.355355987548828125e+02
9.776654052734375000e+01
2.889962577819824219e+01
2.211389923095703125e+02
3.570060348510742188e+01
2.007308654785156250e+02
2.752208862304687500e+02
3.732222900390625000e+02
1.523727416992187500e+02
1.459629058837890625e+02
0.000000000000000000e+00
6.318838119506835938e+01
6.300387573242187500e+01
6.287541961669921875e+01
6.238866806030273438e+01
6.241597747802734375e+01
6.232283782958984375e+01
6.234020996093750000e+01
6.330692672729492188e+01
6.444396209716796875e+01
6.512119293212890625e+01
6.955641174316406250e+01
6.418377685546875000e+01
6.310486984252929688e+01
6.256025695800781250e+01
6.354546737670898438e+01
6.297420883178710938e+01
6.259381484985351562e+01
6.218358230590820312e+01
6.208256149291992188e+01
6.252015304565429688e+01
6.188608551025390625e+01
6.556696319580078125e+01
6.167067337036132812e+01
6.175733566284179688e+01
6.197394561767578125e+01
6.503249359130859375e+01
6.439289093017578125e+01
6.372020339965820312e+01
6.358468627929687500e+01
6.342149353027343750e+01
6.328760147094726562e+01
5.687071289062500000e+03
5.700616455078125000e+02
4.292280273437500000e+02
2.684977111816406250e+02
2.456303558349609375e+02
7.402122497558593750e+01
-7.223886013031005859e+00
1.533508911132812500e+02
-3.956986694335937500e+02
-7.674376220703125000e+02
-7.856657714843750000e+02
5.438905761718750000e+03
2.228325195312500000e+03
4.033525085449218750e+02
1.350267486572265625e+02
1.444287597656250000e+03
9.374723510742187500e+02
7.091953125000000000e+02
-3.109484863281250000e+02
-4.854162979125976562e+01
5.386857986450195312e+01
2.147817535400390625e+02
2.178085937500000000e+03
1.342351074218750000e+02
3.049510955810546875e+01
-7.540555572509765625e+01
1.048384323120117188e+02
3.509233398437500000e+02
2.136880859375000000e+03
1.935950439453125000e+03
1.659912719726562500e+03
1.270620849609375000e+03
1.110594482421875000e+03
9.620145263671875000e+02
-5.687180175781250000e+03
1.453029937744140625e+02
1.393396453857421875e+02
1.566661224365234375e+02
2.595906066894531250e+02
1.702516326904296875e+02
7.776280212402343750e+01
8.547871398925781250e+01
2.413340606689453125e+02
3.718056945800781250e+02
1.674490547180175781e+01
2.478390502929687500e+02
3.556087951660156250e+02
2.607480163574218750e+02
1.339261474609375000e+02
2.864707641601562500e+02
2.283684387207031250e+02
4.724495697021484375e+01
2.496352081298828125e+02
1.024005813598632812e+02
8.024094390869140625e+01
9.955200195312500000e+01
2.355399932861328125e+02
9.776839447021484375e+01
2.890020179748535156e+01
2.211430664062500000e+02
3.570122528076171875e+01
2.007347564697265625e+02
2.752261657714843750e+02
3.732291259765625000e+02
1.523756103515625000e+02
1.459655761718750000e+02
0.000000000000000000e+00
6.318817138671875000e+01
6.300369262695312500e+01
6.287522125244140625e+01
6.238849639892578125e+01
6.241582107543945312e+01
6.232263183593750000e+01
6.234003829956054688e+01
6.330678176879882812e+01
6.444384765625000000e+01
6.512109375000000000e+01
6.955641174316406250e+01
6.418363189697265625e+01
6.310470199584960938e+01
6.256008911132812500e+01
6.354527664184570312e+01
6.297401046752929688e+01
6.259364318847656250e+01
6.218342590332031250e+01
6.208238601684570312e+01
6.251997375488281250e+01
6.188592910766601562e+01
6.556684875488281250e+01
6.167044067382812500e+01
6.175719070434570312e+01
6.197376251220703125e+01
6.503241729736328125e+01
6.439276123046875000e+01
6.372004699707031250e+01
6.358452224731445312e+01
6.342137527465820312e+01
6.328741836547851562e+01
5.687180175781250000e+03
5.700728759765625000e+02
4.292361450195312500e+02
2.685029296875000000e+02
2.456346282958984375e+02
7.402237701416015625e+01
-7.224109172821044922e+00
1.533535614013671875e+02
-3.957057495117187500e+02
-7.674523315429687500e+02
-7.856806030273437500e+02
5.438999511718750000e+03
2.228366699218750000e+03
4.033594970703125000e+02
1.350291748046875000e+02
1.444313232421875000e+03
9.374895629882812500e+02
7.092078247070312500e+02
-3.109538879394531250e+02
-4.854261398315429688e+01
5.386949539184570312e+01
2.147856292724609375e+02
2.178125976562500000e+03
1.342373962402343750e+02
3.049557304382324219e+01
-7.540698242187500000e+01
1.048403549194335938e+02
3.509291992187500000e+02
2.136920166015625000e+03
1.935984619140625000e+03
1.659943237304687500e+03
1.270644287109375000e+03
1.110614624023437500e+03
9.620332641601562500e+02
-5.687272949218750000e+03
1.453053436279296875e+02
1.393419494628906250e+02
1.566687622070312500e+02
2.595949401855468750e+02
1.702545471191406250e+02
7.776411437988281250e+01
8.548019409179687500e+01
2.413379974365234375e+02
3.718119812011718750e+02
1.674516105651855469e+01
2.478429718017578125e+02
3.556145629882812500e+02
2.607524108886718750e+02
1.339283142089843750e+02
2.864755859375000000e+02
2.283724822998046875e+02
4.724580001831054688e+01
2.496391143798828125e+02
1.024023132324218750e+02
8.024236297607421875e+01
9.955373382568359375e+01
2.355440368652343750e+02
9.777001953125000000e+01
2.890068435668945312e+01
2.211467437744140625e+02
3.570180892944335938e+01
2.007380676269531250e+02
2.752306518554687500e+02
3.732354431152343750e+02
1.523781433105468750e+02
1.459680175781250000e+02
0.000000000000000000e+00
6.318806457519531250e+01
6.300354766845703125e+01
6.287511825561523438e+01
6.238837814331054688e+01
6.241563796997070312e+01
6.232250213623046875e+01
6.233988189697265625e+01
6.330664062500000000e+01
6.444374084472656250e+01
6.512100219726562500e+01
6.955641174316406250e+01
6.418353271484375000e+01
6.310455703735351562e+01
6.255995941162109375e+01
6.354520416259765625e+01
6.297388076782226562e+01
6.259351348876953125e+01
6.218329620361328125e+01
6.208226394653320312e+01
6.251982498168945312e+01
6.188577270507812500e+01
6.556680297851562500e+01
6.167032241821289062e+01
6.175702285766601562e+01
6.197362136840820312e+01
6.503231048583984375e+01
6.439266967773437500e+01
6.371991729736328125e+01
6.358441162109375000e+01
6.342120361328125000e+01
6.328730010986328125e+01
5.687272949218750000e+03
5.700823364257812500e+02
4.292433776855468750e+02
2.685071411132812500e+02
2.456387023925781250e+02
7.402346038818359375e+01
-7.224295139312744141e+00
1.533560638427734375e+02
-3.957120971679687500e+02
-7.674644165039062500e+02
-7.856936645507812500e+02
5.439088378906250000e+03
2.228400878906250000e+03
4.033660278320312500e+02
1.350313568115234375e+02
1.444336181640625000e+03
9.375038452148437500e+02
7.092187500000000000e+02
-3.109589233398437500e+02
-4.854346466064453125e+01
5.387029647827148438e+01
2.147891387939453125e+02
2.178160644531250000e+03
1.342395172119140625e+02
3.049598693847656250e+01
-7.540817260742187500e+01
1.048420181274414062e+02
3.509348449707031250e+02
2.136954833984375000e+03
1.936016967773437500e+03
1.659970092773437500e+03
1.270665283203125000e+03
1.110632812500000000e+03
9.620484008789062500e+02
