1.775054565429687500e+03
4.732533264160156250e+01
4.275211715698242188e+01
4.965386962890625000e+01
8.064839172363281250e+01
5.337964630126953125e+01
2.511002922058105469e+01
2.816251754760742188e+01
7.571452331542968750e+01
1.172426605224609375e+02
5.306208133697509766e+00
7.838798522949218750e+01
1.108732681274414062e+02
8.452663421630859375e+01
4.239873886108398438e+01
9.275500488281250000e+01
7.131320190429687500e+01
1.435462570190429688e+01
7.823666381835937500e+01
3.241196060180664062e+01
2.581160354614257812e+01
3.150695991516113281e+01
7.498027801513671875e+01
3.168103027343750000e+01
9.423707962036132812e+00
7.043352508544921875e+01
1.087745952606201172e+01
6.398839569091796875e+01
8.870226287841796875e+01
1.195136337280273438e+02
4.797966766357421875e+01
4.614461898803710938e+01
9.999999717180685366e-10
4.222216606140136719e+00
4.295747756958007812e+00
4.346825599670410156e+00
4.540444850921630859e+00
4.553285598754882812e+00
4.605421066284179688e+00
4.803400039672851562e+00
4.192829132080078125e+00
3.691576719284057617e+00
3.347742080688476562e+00
3.099785745143890381e-01
3.750990629196166992e+00
4.754303455352783203e+00
5.099801063537597656e+00
4.097512245178222656e+00
4.416631221771240234e+00
4.596229553222656250e+00
4.729277133941650391e+00
4.815379619598388672e+00
4.696090221405029297e+00
5.021986484527587891e+00
3.192914485931396484e+00
5.211750984191894531e+00
5.181824684143066406e+00
5.106719970703125000e+00
3.419886827468872070e+00
3.750738620758056641e+00
3.998423337936401367e+00
4.047934532165527344e+00
4.127431869506835938e+00
4.183675765991210938e+00
1.775054565429687500e+03
2.077290496826171875e+02
1.625047149658203125e+02
8.515156555175781250e+01
1.111790847778320312e+02
8.027121734619140625e+01
7.555002593994140625e+01
6.979292297363281250e+01
1.278073348999023438e+02
2.347092590332031250e+02
2.393160400390625000e+02
1.703201538085937500e+03
7.737395629882812500e+02
2.179127960205078125e+02
4.716485214233398438e+01
4.667861328125000000e+02
3.237601318359375000e+02
2.676358642578125000e+02
1.275992813110351562e+02
8.778488159179687500e+01
8.749028015136718750e+01
7.792974090576171875e+01
7.387995605468750000e+02
5.729898834228515625e+01
4.353754425048828125e+01
5.573257827758789062e+01
6.203097915649414062e+01
2.000971221923828125e+02
7.013800048828125000e+02
6.476967773437500000e+02
5.192523193359375000e+02
4.129961853027343750e+02
3.553721313476562500e+02
3.142763061523437500e+02
