-5.728918457031250000e+03
1.461014251708984375e+02
1.355901184082031250e+02
1.566457214355468750e+02
2.537640228271484375e+02
1.694188232421875000e+02
7.889290618896484375e+01
8.636066436767578125e+01
2.390242462158203125e+02
3.728662719726562500e+02
1.656389808654785156e+01
2.455317535400390625e+02
3.566920166015625000e+02
2.620846862792968750e+02
1.351357421875000000e+02
2.914006347656250000e+02
2.302764434814453125e+02
4.619807434082031250e+01
2.510542602539062500e+02
1.022311935424804688e+02
8.074488067626953125e+01
9.914298248291015625e+01
2.325139923095703125e+02
9.858501434326171875e+01
2.905806350708007812e+01
2.188325653076171875e+02
3.479494094848632812e+01
2.024994659423828125e+02
2.771439514160156250e+02
3.765024108886718750e+02
1.503203277587890625e+02
1.445001983642578125e+02
0.000000000000000000e+00
6.318453598022460938e+01
6.300136947631835938e+01
6.287141799926757812e+01
6.239448547363281250e+01
6.249608230590820312e+01
6.241570663452148438e+01
6.236071395874023438e+01
6.343536376953125000e+01
6.455118560791015625e+01
6.523129272460937500e+01
6.945896911621093750e+01
6.435784149169921875e+01
6.309690475463867188e+01
6.252483749389648438e+01
6.369405746459960938e+01
6.300157928466796875e+01
6.264528656005859375e+01
6.227840805053710938e+01
6.213798904418945312e+01
6.258777999877929688e+01
6.199808120727539062e+01
6.567057037353515625e+01
6.179754638671875000e+01
6.185131072998046875e+01
6.202680206298828125e+01
6.510234832763671875e+01
6.444999694824218750e+01
6.374793243408203125e+01
6.359802246093750000e+01
6.341285324096679688e+01
6.328149795532226562e+01
5.728918457031250000e+03
5.587951049804687500e+02
4.199413757324218750e+02
2.546925201416015625e+02
2.510549468994140625e+02
8.055261993408203125e+01
1.633204460144042969e+00
1.439730682373046875e+02
-3.829968566894531250e+02
-7.558539428710937500e+02
-7.724400634765625000e+02
5.479007812500000000e+03
2.253793457031250000e+03
4.229290771484375000e+02
1.362206420898437500e+02
1.430017333984375000e+03
9.268117675781250000e+02
6.965145263671875000e+02
-3.075684509277343750e+02
-5.652221298217773438e+01
4.568936157226562500e+01
2.116415710449218750e+02
2.220228271484375000e+03
1.292644653320312500e+02
3.011690139770507812e+01
-7.220333099365234375e+01
1.017782974243164062e+02
3.427532653808593750e+02
2.164451660156250000e+03
1.961982666015625000e+03
1.639230957031250000e+03
1.262292358398437500e+03
1.104314819335937500e+03
9.559902343750000000e+02
