-5.626713867187500000e+03
1.455737457275390625e+02
1.359476318359375000e+02
1.529419555664062500e+02
2.596805419921875000e+02
1.718435668945312500e+02
7.779394531250000000e+01
8.468075561523437500e+01
2.361592559814453125e+02
3.716072692871093750e+02
1.677673530578613281e+01
2.491751861572265625e+02
3.508704223632812500e+02
2.619152832031250000e+02
1.319108123779296875e+02
2.889932250976562500e+02
2.284608306884765625e+02
4.754393768310546875e+01
2.498346862792968750e+02
1.025265426635742188e+02
8.005974578857421875e+01
9.950218963623046875e+01
2.356080932617187500e+02
9.888247680664062500e+01
2.903480148315429688e+01
2.212422485351562500e+02
3.609358215332031250e+01
2.010766143798828125e+02
2.700937805175781250e+02
3.751982727050781250e+02
1.546419982910156250e+02
1.475088348388671875e+02
0.000000000000000000e+00
6.316944122314453125e+01
6.298925018310546875e+01
6.286582183837890625e+01
6.226814270019531250e+01
6.244131088256835938e+01
6.237952423095703125e+01
6.241988754272460938e+01
6.323412322998046875e+01
6.441787719726562500e+01
6.510701751708984375e+01
6.963734436035156250e+01
6.437269592285156250e+01
6.302733230590820312e+01
6.227183532714843750e+01
6.365612792968750000e+01
6.308357620239257812e+01
6.274309539794921875e+01
6.236161804199218750e+01
6.225904083251953125e+01
6.274890518188476562e+01
6.226537704467773438e+01
6.551669311523437500e+01
6.209357070922851562e+01
6.214580535888671875e+01
6.227319335937500000e+01
6.497763824462890625e+01
6.441893768310546875e+01
6.375758743286132812e+01
6.359662628173828125e+01
6.342007064819335938e+01
6.327526473999023438e+01
5.626713867187500000e+03
5.702876586914062500e+02
4.342819824218750000e+02
2.763064880371093750e+02
2.506482391357421875e+02
7.723239898681640625e+01
-5.585455417633056641e+00
1.400599822998046875e+02
-3.802793579101562500e+02
-7.519550170898437500e+02
-7.687481689453125000e+02
5.377534667968750000e+03
2.178514160156250000e+03
4.152438354492187500e+02
1.385340118408203125e+02
1.407081054687500000e+03
9.067974243164062500e+02
6.783365478515625000e+02
-3.082030639648437500e+02
-5.833963394165039062e+01
4.863531112670898438e+01
2.112037506103515625e+02
2.194666259765625000e+03
1.311416168212890625e+02
3.163702392578125000e+01
-6.724522399902343750e+01
9.627814483642578125e+01
3.175197753906250000e+02
2.158572265625000000e+03
1.955581054687500000e+03
1.685493896484375000e+03
1.303159912109375000e+03
1.124257324218750000e+03
9.739442749023437500e+02
