1.710501953125000000e+03
4.611441040039062500e+01
4.220908737182617188e+01
4.921369552612304688e+01
8.235107421875000000e+01
5.417555618286132812e+01
2.481612968444824219e+01
2.719226837158203125e+01
7.632794952392578125e+01
1.154200439453125000e+02
5.458545207977294922e+00
7.961922454833984375e+01
1.129786071777343750e+02
8.449111938476562500e+01
4.124006271362304688e+01
9.254502868652343750e+01
7.292911529541015625e+01
1.495678615570068359e+01
7.856613159179687500e+01
3.257626342773437500e+01
2.531069946289062500e+01
3.260190582275390625e+01
7.552326202392578125e+01
3.134928131103515625e+01
9.576041221618652344e+00
7.132129669189453125e+01
1.146310138702392578e+01
6.368258285522460938e+01
8.527384185791015625e+01
1.190522918701171875e+02
4.748752593994140625e+01
4.706650161743164062e+01
1.000000047497451305e-03
4.074015140533447266e+00
4.167609214782714844e+00
4.221972942352294922e+00
4.543498992919921875e+00
4.404259204864501953e+00
4.438453197479248047e+00
4.393064022064208984e+00
4.119356155395507812e+00
3.566140890121459961e+00
3.271100997924804688e+00
2.652856111526489258e-01
3.551204919815063477e+00
4.807524204254150391e+00
6.113162994384765625e+00
3.818421125411987305e+00
4.153585910797119141e+00
4.314489364624023438e+00
4.479526996612548828e+00
4.497636795043945312e+00
4.205581188201904297e+00
4.448385715484619141e+00
3.109042406082153320e+00
4.566218376159667969e+00
4.548004150390625000e+00
4.499884128570556641e+00
3.287870883941650391e+00
3.505918741226196289e+00
3.785589694976806641e+00
3.865332126617431641e+00
3.955023765563964844e+00
4.025823593139648438e+00
1.710501953125000000e+03
2.139575347900390625e+02
1.842153625488281250e+02
1.376853485107421875e+02
1.058083190917968750e+02
7.523038482666015625e+01
6.674922180175781250e+01
6.152888870239257812e+01
1.354591522216796875e+02
2.383758544921875000e+02
2.432332305908203125e+02
1.638357299804687500e+03
6.872588500976562500e+02
2.105895233154296875e+02
8.982873535156250000e+01
4.351324462890625000e+02
2.854191284179687500e+02
2.205048217773437500e+02
1.114297103881835938e+02
6.571688079833984375e+01
6.450817108154296875e+01
6.824872589111328125e+01
6.888359375000000000e+02
4.597334671020507812e+01
2.296152877807617188e+01
3.059692192077636719e+01
3.739797210693359375e+01
1.013026657104492188e+02
6.786805419921875000e+02
6.223862915039062500e+02
5.495388183593750000e+02
4.419942626953125000e+02
3.794812316894531250e+02
3.361691589355468750e+02
