1.799886718750000000e+03
4.709280776977539062e+01
4.502821731567382812e+01
4.705736541748046875e+01
7.956826782226562500e+01
5.326113510131835938e+01
2.495590972900390625e+01
2.614416122436523438e+01
7.689176940917968750e+01
1.161240615844726562e+02
5.215182304382324219e+00
7.684479522705078125e+01
1.062921829223632812e+02
8.304248046875000000e+01
4.348575592041015625e+01
8.791085815429687500e+01
6.898894500732421875e+01
1.472363662719726562e+01
7.990293884277343750e+01
3.187940406799316406e+01
2.534632682800292969e+01
3.260822296142578125e+01
7.270509338378906250e+01
3.047932052612304688e+01
9.619956970214843750e+00
7.340779876708984375e+01
1.124503421783447266e+01
6.512357330322265625e+01
8.691316223144531250e+01
1.229615936279296875e+02
4.896256256103515625e+01
4.344361114501953125e+01
1.000000047497451305e-03
4.151049137115478516e+00
4.221190929412841797e+00
4.296311378479003906e+00
4.642476558685302734e+00
4.893992424011230469e+00
5.042638301849365234e+00
5.845052719116210938e+00
4.515282154083251953e+00
4.178833961486816406e+00
3.316880226135253906e+00
2.799710929393768311e-01
3.757052421569824219e+00
4.299153327941894531e+00
4.964843273162841797e+00
4.081054210662841797e+00
4.402020931243896484e+00
4.764047622680664062e+00
5.025310993194580078e+00
5.528305053710937500e+00
4.814334869384765625e+00
5.324555873870849609e+00
3.056215047836303711e+00
5.736276149749755859e+00
5.732353210449218750e+00
5.110906124114990234e+00
3.239610195159912109e+00
3.534848451614379883e+00
3.916919469833374023e+00
3.999134302139282227e+00
4.055953025817871094e+00
4.091459751129150391e+00
1.799886718750000000e+03
1.923142089843750000e+02
1.232259674072265625e+02
7.956826782226562500e+01
1.548445739746093750e+02
1.274919967651367188e+02
1.241187133789062500e+02
1.222655487060546875e+02
1.658245239257812500e+02
4.688456726074218750e+02
4.713646850585937500e+02
1.730868896484375000e+03
6.970351562500000000e+02
1.432937774658203125e+02
6.862948608398437500e+01
4.910458984375000000e+02
3.420307617187500000e+02
2.895665893554687500e+02
1.518154296875000000e+02
1.222185974121093750e+02
1.213242568969726562e+02
9.762741088867187500e+01
6.708016967773437500e+02
6.393047332763671875e+01
5.041423416137695312e+01
5.452747344970703125e+01
1.351045989990234375e+02
1.663258819580078125e+02
6.605983886718750000e+02
6.012161254882812500e+02
5.234375000000000000e+02
4.066640625000000000e+02
3.641387023925781250e+02
3.269845581054687500e+02
