-5.728504882812500000e+03
1.460903930664062500e+02
1.355802001953125000e+02
1.566339569091796875e+02
2.537449493408203125e+02
1.694063262939453125e+02
7.888713073730468750e+01
8.635391998291015625e+01
2.390067596435546875e+02
3.728394470214843750e+02
1.656271362304687500e+01
2.455136108398437500e+02
3.566657104492187500e+02
2.620647277832031250e+02
1.351256713867187500e+02
2.913789367675781250e+02
2.302593231201171875e+02
4.619464492797851562e+01
2.510356292724609375e+02
1.022234039306640625e+02
8.073876190185546875e+01
9.913565063476562500e+01
2.324966278076171875e+02
9.857777404785156250e+01
2.905580520629882812e+01
2.188162536621093750e+02
3.479243469238281250e+01
2.024842529296875000e+02
2.771233825683593750e+02
3.764735412597656250e+02
1.503093414306640625e+02
1.444893493652343750e+02
0.000000000000000000e+00
6.318513870239257812e+01
6.300193023681640625e+01
6.287197875976562500e+01
6.239512634277343750e+01
6.249670791625976562e+01
6.241633224487304688e+01
6.236136627197265625e+01
6.343588638305664062e+01
6.455163574218750000e+01
6.523170471191406250e+01
6.945897674560546875e+01
6.435829925537109375e+01
6.309743881225585938e+01
6.252543640136718750e+01
6.369458770751953125e+01
6.300215911865234375e+01
6.264590072631835938e+01
6.227906036376953125e+01
6.213865661621093750e+01
6.258841705322265625e+01
6.199874877929687500e+01
6.567095947265625000e+01
6.179823684692382812e+01
6.185201263427734375e+01
6.202748107910156250e+01
6.510276031494140625e+01
6.445050048828125000e+01
6.374846649169921875e+01
6.359854507446289062e+01
6.341341400146484375e+01
6.328204727172851562e+01
5.728504882812500000e+03
5.587542724609375000e+02
4.199107971191406250e+02
2.546734313964843750e+02
2.510362854003906250e+02
8.054659271240234375e+01
1.633016109466552734e+00
1.439628448486328125e+02
-3.829691162109375000e+02
-7.557992553710937500e+02
-7.723836669921875000e+02
5.478612792968750000e+03
2.253632568359375000e+03
4.228989257812500000e+02
1.362105560302734375e+02
1.429912841796875000e+03
9.267445678710937500e+02
6.964643554687500000e+02
-3.075455627441406250e+02
-5.651812362670898438e+01
4.568559646606445312e+01
2.116260375976562500e+02
2.220070068359375000e+03
1.292551574707031250e+02
3.011493873596191406e+01
-7.219793701171875000e+01
1.017707595825195312e+02
3.427294311523437500e+02
2.164295166015625000e+03
1.961839355468750000e+03
1.639109619140625000e+03
1.262200927734375000e+03
1.104233886718750000e+03
9.559203491210937500e+02
-5.728612304687500000e+03
1.460932312011718750e+02
1.355827789306640625e+02
1.566371459960937500e+02
2.537499847412109375e+02
1.694097137451171875e+02
7.888865661621093750e+01
8.635572052001953125e+01
2.390114135742187500e+02
3.728460693359375000e+02
1.656302642822265625e+01
2.455182647705078125e+02
3.566723937988281250e+02
2.620698547363281250e+02
1.351282501220703125e+02
2.913846740722656250e+02
2.302636871337890625e+02
4.619551467895507812e+01
2.510405426025390625e+02
1.022255249023437500e+02
8.074031066894531250e+01
9.913754272460937500e+01
2.325012512207031250e+02
9.857980346679687500e+01
2.905638885498046875e+01
2.188205566406250000e+02
3.479311370849609375e+01
2.024882965087890625e+02
2.771288146972656250e+02
3.764811706542968750e+02
1.503121795654296875e+02
1.444922790527343750e+02
0.000000000000000000e+00
6.318495559692382812e+01
6.300176239013671875e+01
6.287181091308593750e+01
6.239494323730468750e+01
6.249651336669921875e+01
6.241616058349609375e+01
6.236116027832031250e+01
6.343571472167968750e+01
6.455151367187500000e+01
6.523157501220703125e+01
6.945897674560546875e+01
6.435818481445312500e+01
6.309725570678710938e+01
6.252524185180664062e+01
6.369445800781250000e+01
6.300196456909179688e+01
6.264570617675781250e+01
6.227885055541992188e+01
6.213844680786132812e+01
6.258822250366210938e+01
6.199856567382812500e+01
6.567082977294921875e+01
6.179804229736328125e+01
6.185177993774414062e+01
6.202725982666015625e+01
6.510262298583984375e+01
6.445033264160156250e+01
6.374831008911132812e+01
6.359837722778320312e+01
6.341323089599609375e+01
6.328187942504882812e+01
5.728612304687500000e+03
5.587648925781250000e+02
4.199187316894531250e+02
2.546784667968750000e+02
2.510413513183593750e+02
8.054821014404296875e+01
1.633056998252868652e+00
1.439655761718750000e+02
-3.829763793945312500e+02
-7.558135375976562500e+02
-7.723985595703125000e+02
5.478716308593750000e+03
2.253674316406250000e+03
4.229067993164062500e+02
1.362131500244140625e+02
1.429940551757812500e+03
9.267622070312500000e+02
6.964773559570312500e+02
-3.075516357421875000e+02
-5.651925277709960938e+01
4.568663024902343750e+01
2.116301727294921875e+02
2.220112304687500000e+03
1.292577362060546875e+02
3.011547660827636719e+01
-7.219939422607421875e+01
1.017727584838867188e+02
3.427357482910156250e+02
2.164336669921875000e+03
1.961876586914062500e+03
1.639140991210937500e+03
1.262225097656250000e+03
1.104255249023437500e+03
9.559386596679687500e+02
-5.728723632812500000e+03
1.460963134765625000e+02
1.355854187011718750e+02
1.566401977539062500e+02
2.537548675537109375e+02
1.694129791259765625e+02
7.889016723632812500e+01
8.635750579833984375e+01
2.390158691406250000e+02
3.728533020019531250e+02
1.656333732604980469e+01
2.455229339599609375e+02
3.566797180175781250e+02
2.620754089355468750e+02
1.351310729980468750e+02
2.913905639648437500e+02
2.302683105468750000e+02
4.619640350341796875e+01
2.510453186035156250e+02
1.022275695800781250e+02
8.074185943603515625e+01
9.913945007324218750e+01
2.325059204101562500e+02
9.858168029785156250e+01
2.905700874328613281e+01
2.188248748779296875e+02
3.479379653930664062e+01
2.024923095703125000e+02
2.771341552734375000e+02
3.764886474609375000e+02
1.503149566650390625e+02
1.444951171875000000e+02
0.000000000000000000e+00
6.318479919433593750e+01
6.300160598754882812e+01
6.287162780761718750e+01
6.239476013183593750e+01
6.249634170532226562e+01
6.241596603393554688e+01
6.236100387573242188e+01
6.343557357788085938e+01
6.455138397216796875e+01
6.523146820068359375e+01
6.945897674560546875e+01
6.435803985595703125e+01
6.309709930419921875e+01
6.252508544921875000e+01
6.369426345825195312e+01
6.300183486938476562e+01
6.264556121826171875e+01
6.227867889404296875e+01
6.213825225830078125e+01
6.258806610107421875e+01
6.199835586547851562e+01
6.567073059082031250e+01
6.179783248901367188e+01
6.185160827636718750e+01
6.202709197998046875e+01
6.510253143310546875e+01
6.445022583007812500e+01
6.374815368652343750e+01
6.359823226928710938e+01
6.341308975219726562e+01
6.328170776367187500e+01
5.728723632812500000e+03
5.587756958007812500e+02
4.199267883300781250e+02
2.546833496093750000e+02
2.510461273193359375e+02
8.054975891113281250e+01
1.633114933967590332e+00
1.439682464599609375e+02
-3.829837341308593750e+02
-7.558276977539062500e+02
-7.724133300781250000e+02
5.478823242187500000e+03
2.253718017578125000e+03
4.229149169921875000e+02
1.362159729003906250e+02
1.429968383789062500e+03
9.267799682617187500e+02
6.964907836914062500e+02
-3.075575256347656250e+02
-5.652031326293945312e+01
4.568763351440429688e+01
2.116341400146484375e+02
2.220153320312500000e+03
1.292601318359375000e+02
3.011604118347167969e+01
-7.220075988769531250e+01
1.017747421264648438e+02
3.427421264648437500e+02
2.164377685546875000e+03
1.961914306640625000e+03
1.639172485351562500e+03
1.262249145507812500e+03
1.104277221679687500e+03
9.559573364257812500e+02
-5.728827636718750000e+03
1.460990142822265625e+02
1.355879364013671875e+02
1.566429901123046875e+02
2.537596130371093750e+02
1.694160461425781250e+02
7.889157104492187500e+01
8.635919189453125000e+01
2.390201873779296875e+02
3.728601379394531250e+02
1.656364059448242188e+01
2.455275726318359375e+02
3.566863708496093750e+02
2.620802001953125000e+02
1.351336059570312500e+02
2.913959350585937500e+02
2.302725830078125000e+02
4.619728469848632812e+01
2.510501708984375000e+02
1.022295379638671875e+02
8.074345397949218750e+01
9.914129638671875000e+01
2.325101013183593750e+02
9.858345031738281250e+01
2.905757713317871094e+01
2.188289642333984375e+02
3.479439544677734375e+01
2.024960784912109375e+02
2.771392211914062500e+02
3.764961242675781250e+02
1.503178863525390625e+02
1.444977569580078125e+02
0.000000000000000000e+00
6.318465423583984375e+01
6.300146102905273438e+01
6.287150955200195312e+01
6.239461898803710938e+01
6.249620056152343750e+01
6.241583633422851562e+01
6.236084747314453125e+01
6.343544006347656250e+01
6.455127716064453125e+01
6.523136138916015625e+01
6.945897674560546875e+01
6.435792541503906250e+01
6.309698104858398438e+01
6.252494049072265625e+01
6.369414520263671875e+01
6.300166320800781250e+01
6.264540481567382812e+01
6.227851104736328125e+01
6.213811874389648438e+01
6.258787155151367188e+01
6.199821090698242188e+01
6.567063140869140625e+01
6.179767608642578125e+01
6.185144042968750000e+01
6.202692031860351562e+01
6.510242462158203125e+01
6.445011138916015625e+01
6.374803924560546875e+01
6.359812927246093750e+01
6.341294479370117188e+01
6.328158950805664062e+01
5.728827636718750000e+03
5.587860107421875000e+02
4.199344177246093750e+02
2.546880950927734375e+02
2.510508422851562500e+02
8.055126190185546875e+01
1.633202552795410156e+00
1.439708404541015625e+02
-3.829906311035156250e+02
-7.558414306640625000e+02
-7.724274291992187500e+02
5.478920410156250000e+03
2.253758056640625000e+03
4.229223937988281250e+02
1.362184906005859375e+02
1.429994018554687500e+03
9.267969360351562500e+02
6.965032348632812500e+02
-3.075633850097656250e+02
-5.652130126953125000e+01
4.568857574462890625e+01
2.116381225585937500e+02
2.220193359375000000e+03
1.292623596191406250e+02
3.011652374267578125e+01
-7.220211029052734375e+01
1.017765731811523438e+02
3.427481079101562500e+02
2.164416503906250000e+03
1.961950195312500000e+03
1.639203857421875000e+03
1.262272338867187500e+03
1.104296875000000000e+03
9.559747924804687500e+02
-5.728918457031250000e+03
1.461014251708984375e+02
1.355901184082031250e+02
1.566457214355468750e+02
2.537640228271484375e+02
1.694188232421875000e+02
7.889290618896484375e+01
8.636066436767578125e+01
2.390242462158203125e+02
3.728662719726562500e+02
1.656389808654785156e+01
2.455317535400390625e+02
3.566920166015625000e+02
2.620846862792968750e+02
1.351357421875000000e+02
2.914006347656250000e+02
2.302764434814453125e+02
4.619807434082031250e+01
2.510542602539062500e+02
1.022311935424804688e+02
8.074488067626953125e+01
9.914298248291015625e+01
2.325139923095703125e+02
9.858501434326171875e+01
2.905806350708007812e+01
2.188325653076171875e+02
3.479494094848632812e+01
2.024994659423828125e+02
2.771439514160156250e+02
3.765024108886718750e+02
1.503203277587890625e+02
1.445001983642578125e+02
0.000000000000000000e+00
6.318453598022460938e+01
6.300136947631835938e+01
6.287141799926757812e+01
6.239448547363281250e+01
6.249608230590820312e+01
6.241570663452148438e+01
6.236071395874023438e+01
6.343536376953125000e+01
6.455118560791015625e+01
6.523129272460937500e+01
6.945896911621093750e+01
6.435784149169921875e+01
6.309690475463867188e+01
6.252483749389648438e+01
6.369405746459960938e+01
6.300157928466796875e+01
6.264528656005859375e+01
6.227840805053710938e+01
6.213798904418945312e+01
6.258777999877929688e+01
6.199808120727539062e+01
6.567057037353515625e+01
6.179754638671875000e+01
6.185131072998046875e+01
6.202680206298828125e+01
6.510234832763671875e+01
6.444999694824218750e+01
6.374793243408203125e+01
6.359802246093750000e+01
6.341285324096679688e+01
6.328149795532226562e+01
5.728918457031250000e+03
5.587951049804687500e+02
4.199413757324218750e+02
2.546925201416015625e+02
2.510549468994140625e+02
8.055261993408203125e+01
1.633204460144042969e+00
1.439730682373046875e+02
-3.829968566894531250e+02
-7.558539428710937500e+02
-7.724400634765625000e+02
5.479007812500000000e+03
2.253793457031250000e+03
4.229290771484375000e+02
1.362206420898437500e+02
1.430017333984375000e+03
9.268117675781250000e+02
6.965145263671875000e+02
-3.075684509277343750e+02
-5.652221298217773438e+01
4.568936157226562500e+01
2.116415710449218750e+02
2.220228271484375000e+03
1.292644653320312500e+02
3.011690139770507812e+01
-7.220333099365234375e+01
1.017782974243164062e+02
3.427532653808593750e+02
2.164451660156250000e+03
1.961982666015625000e+03
1.639230957031250000e+03
1.262292358398437500e+03
1.104314819335937500e+03
9.559902343750000000e+02
