1.775480346679687500e+03
4.733484649658203125e+01
4.276343154907226562e+01
4.967091369628906250e+01
8.066482543945312500e+01
5.338803482055664062e+01
2.511584091186523438e+01
2.816669273376464844e+01
7.574514770507812500e+01
1.172744369506835938e+02
5.307616233825683594e+00
7.838953399658203125e+01
1.108964080810546875e+02
8.455465698242187500e+01
4.240340423583984375e+01
9.276846313476562500e+01
7.133361816406250000e+01
1.435775184631347656e+01
7.825260925292968750e+01
3.242090225219726562e+01
2.581727790832519531e+01
3.152129936218261719e+01
7.498899078369140625e+01
3.168334579467773438e+01
9.425618171691894531e+00
7.044821929931640625e+01
1.087277889251708984e+01
6.400749969482421875e+01
8.872029876708984375e+01
1.195445098876953125e+02
4.799670028686523438e+01
4.616527938842773438e+01
9.999999717180685366e-10
4.222691535949707031e+00
4.296245098114013672e+00
4.347324371337890625e+00
4.540997982025146484e+00
4.553804874420166016e+00
4.605940818786621094e+00
4.803920269012451172e+00
4.193261623382568359e+00
3.691905975341796875e+00
3.348001956939697266e+00
3.100095093250274658e-01
3.751315116882324219e+00
4.754714012145996094e+00
5.100243568420410156e+00
4.097898960113525391e+00
4.417088985443115234e+00
4.596734523773193359e+00
4.729815483093261719e+00
4.815930843353271484e+00
4.696573734283447266e+00
5.022524356842041016e+00
3.193135499954223633e+00
5.212303161621093750e+00
5.182377338409423828e+00
5.107236862182617188e+00
3.420158863067626953e+00
3.751076936721801758e+00
3.998829603195190430e+00
4.048362731933593750e+00
4.127861022949218750e+00
4.184131622314453125e+00
1.775480346679687500e+03
2.077466583251953125e+02
1.625382843017578125e+02
8.516558837890625000e+01
1.111908569335937500e+02
8.027291107177734375e+01
7.554846191406250000e+01
6.979797363281250000e+01
1.278361968994140625e+02
2.347458038330078125e+02
2.393745574951171875e+02
1.703617309570312500e+03
7.739031372070312500e+02
2.179334259033203125e+02
4.717946624755859375e+01
4.669320678710937500e+02
3.238335266113281250e+02
2.676755676269531250e+02
1.276098403930664062e+02
8.778481292724609375e+01
8.749062347412109375e+01
7.794516754150390625e+01
7.389641113281250000e+02
5.730483245849609375e+01
4.353788757324218750e+01
5.573398208618164062e+01
6.203355026245117188e+01
2.001119232177734375e+02
7.015499877929687500e+02
6.478376464843750000e+02
5.193761596679687500e+02
4.131070251464843750e+02
3.554642333984375000e+02
3.143395385742187500e+02
1.775390136718750000e+03
4.733385086059570312e+01
4.276124954223632812e+01
4.966900634765625000e+01
8.066061401367187500e+01
5.338872909545898438e+01
2.511493873596191406e+01
2.816571426391601562e+01
7.573153686523437500e+01
1.172665176391601562e+02
5.307272434234619141e+00
7.838825988769531250e+01
1.108977737426757812e+02
8.454702758789062500e+01
4.240145111083984375e+01
9.276569366455078125e+01
7.132893371582031250e+01
1.435722541809082031e+01
7.824929809570312500e+01
3.241976928710937500e+01
2.581625747680664062e+01
3.151477622985839844e+01
7.498419952392578125e+01
3.168690109252929688e+01
9.425211906433105469e+00
7.044538879394531250e+01
1.087940979003906250e+01
6.400713348388671875e+01
8.871916198730468750e+01
1.195366439819335938e+02
4.799569320678710938e+01
4.615742111206054688e+01
9.999999717180685366e-10
4.222589969635009766e+00
4.296144485473632812e+00
4.347217082977294922e+00
4.540892124176025391e+00
4.553684711456298828e+00
4.605833530426025391e+00
4.803806781768798828e+00
4.193155765533447266e+00
3.691833019256591797e+00
3.347950696945190430e+00
3.100006878376007080e-01
3.751239776611328125e+00
4.754609107971191406e+00
5.100144386291503906e+00
4.097811222076416016e+00
4.416987895965576172e+00
4.596621990203857422e+00
4.729699134826660156e+00
4.815806865692138672e+00
4.696470737457275391e+00
5.022389411926269531e+00
3.193100929260253906e+00
5.212176799774169922e+00
5.182272434234619141e+00
5.107111454010009766e+00
3.420104265213012695e+00
3.750998258590698242e+00
3.998736858367919922e+00
4.048267364501953125e+00
4.127766132354736328e+00
4.184032917022705078e+00
1.775390136718750000e+03
2.077449188232421875e+02
1.625273284912109375e+02
8.516178894042968750e+01
1.111882934570312500e+02
8.027218627929687500e+01
7.554888916015625000e+01
6.979881286621093750e+01
1.278354263305664062e+02
2.347447357177734375e+02
2.393752136230468750e+02
1.703548583984375000e+03
7.738568115234375000e+02
2.179278717041015625e+02
4.717766571044921875e+01
4.669014282226562500e+02
3.238083190917968750e+02
2.676731262207031250e+02
1.276068038940429688e+02
8.778464508056640625e+01
8.749010467529296875e+01
7.794201660156250000e+01
7.389417724609375000e+02
5.730335235595703125e+01
4.353726577758789062e+01
5.573372268676757812e+01
6.203310394287109375e+01
2.001084899902343750e+02
7.015175781250000000e+02
6.478140258789062500e+02
5.193486328125000000e+02
4.130854797363281250e+02
3.554594726562500000e+02
3.143186035156250000e+02
1.775276489257812500e+03
4.733093261718750000e+01
4.275884246826171875e+01
4.966611480712890625e+01
8.065601348876953125e+01
5.338542938232421875e+01
2.511339187622070312e+01
2.816414260864257812e+01
7.572741699218750000e+01
1.172609863281250000e+02
5.306982994079589844e+00
7.838958740234375000e+01
1.108869094848632812e+02
8.454233551025390625e+01
4.240519332885742188e+01
9.276121520996093750e+01
7.132229614257812500e+01
1.435632038116455078e+01
7.824456787109375000e+01
3.241773605346679688e+01
2.581483459472656250e+01
3.151269340515136719e+01
7.499044799804687500e+01
3.168528175354003906e+01
9.424988746643066406e+00
7.044320678710937500e+01
1.087880802154541016e+01
6.400275421142578125e+01
8.871366119384765625e+01
1.195289306640625000e+02
4.799301528930664062e+01
4.615475845336914062e+01
9.999999717180685366e-10
4.222468376159667969e+00
4.296008110046386719e+00
4.347076892852783203e+00
4.540750503540039062e+00
4.553529262542724609e+00
4.605696678161621094e+00
4.803668022155761719e+00
4.193056583404541016e+00
3.691756963729858398e+00
3.347873926162719727e+00
3.099915683269500732e-01
3.751148462295532227e+00
4.754517078399658203e+00
5.100021362304687500e+00
4.097702503204345703e+00
4.416880130767822266e+00
4.596487998962402344e+00
4.729554653167724609e+00
4.815654277801513672e+00
4.696343421936035156e+00
5.022249221801757812e+00
3.193030595779418945e+00
5.212046146392822266e+00
5.182114601135253906e+00
5.106986999511718750e+00
3.420024394989013672e+00
3.750918388366699219e+00
3.998635053634643555e+00
4.048155784606933594e+00
4.127646923065185547e+00
4.183905124664306641e+00
1.775276489257812500e+03
2.077361297607421875e+02
1.625205993652343750e+02
8.516141510009765625e+01
1.111851501464843750e+02
8.027221679687500000e+01
7.554939270019531250e+01
6.979694366455078125e+01
1.278288345336914062e+02
2.347334594726562500e+02
2.393467864990234375e+02
1.703441406250000000e+03
7.738305664062500000e+02
2.179223785400390625e+02
4.716994857788085938e+01
4.668586120605468750e+02
3.237892456054687500e+02
2.676632080078125000e+02
1.276028137207031250e+02
8.778514862060546875e+01
8.749006652832031250e+01
7.793893432617187500e+01
7.389014892578125000e+02
5.730218887329101562e+01
4.353731155395507812e+01
5.573360824584960938e+01
6.203260421752929688e+01
2.001048431396484375e+02
7.014749755859375000e+02
6.477690429687500000e+02
5.193253784179687500e+02
4.130540466308593750e+02
3.554212951660156250e+02
3.143070678710937500e+02
1.775169189453125000e+03
4.732827377319335938e+01
4.275561523437500000e+01
4.966330718994140625e+01
8.065320587158203125e+01
5.338474273681640625e+01
2.511173439025878906e+01
2.816459655761718750e+01
7.571905517578125000e+01
1.172503433227539062e+02
5.306678295135498047e+00
7.838522338867187500e+01
1.108787078857421875e+02
8.453420257568359375e+01
4.240266036987304688e+01
9.275681304931640625e+01
7.131833648681640625e+01
1.435574054718017578e+01
7.824202728271484375e+01
3.241447067260742188e+01
2.581308746337890625e+01
3.150913047790527344e+01
7.498589324951171875e+01
3.168327331542968750e+01
9.424319267272949219e+00
7.043817901611328125e+01
1.087815570831298828e+01
6.399229049682617188e+01
8.870840454101562500e+01
1.195221862792968750e+02
4.798666763305664062e+01
4.614631271362304688e+01
9.999999717180685366e-10
4.222336769104003906e+00
4.295874595642089844e+00
4.346944808959960938e+00
4.540588378906250000e+00
4.553405284881591797e+00
4.605560302734375000e+00
4.803539276123046875e+00
4.192942142486572266e+00
3.691662549972534180e+00
3.347816467285156250e+00
3.099829554557800293e-01
3.751066207885742188e+00
4.754402160644531250e+00
5.099910259246826172e+00
4.097615718841552734e+00
4.416745662689208984e+00
4.596357822418212891e+00
4.729418277740478516e+00
4.815513134002685547e+00
4.696206569671630859e+00
5.022108554840087891e+00
3.192974328994750977e+00
5.211881160736083984e+00
5.181974411010742188e+00
5.106853485107421875e+00
3.419955253601074219e+00
3.750836372375488281e+00
3.998525857925415039e+00
4.048038959503173828e+00
4.127537727355957031e+00
4.183786392211914062e+00
1.775169189453125000e+03
2.077289886474609375e+02
1.625130462646484375e+02
8.515631866455078125e+01
1.111826782226562500e+02
8.027133178710937500e+01
7.554975128173828125e+01
6.979516601562500000e+01
1.278159027099609375e+02
2.347196197509765625e+02
2.393314514160156250e+02
1.703320678710937500e+03
7.737800292968750000e+02
2.179167633056640625e+02
4.716756439208984375e+01
4.668409423828125000e+02
3.237762145996093750e+02
2.676520690917968750e+02
1.276041717529296875e+02
8.778517150878906250e+01
8.749020385742187500e+01
7.793529510498046875e+01
7.388547363281250000e+02
5.730085372924804688e+01
4.353758621215820312e+01
5.573295211791992188e+01
6.203194427490234375e+01
2.001012573242187500e+02
7.014323120117187500e+02
6.477553710937500000e+02
5.193004760742187500e+02
4.130234069824218750e+02
3.553938903808593750e+02
3.142962036132812500e+02
1.775054565429687500e+03
4.732533264160156250e+01
4.275211715698242188e+01
4.965386962890625000e+01
8.064839172363281250e+01
5.337964630126953125e+01
2.511002922058105469e+01
2.816251754760742188e+01
7.571452331542968750e+01
1.172426605224609375e+02
5.306208133697509766e+00
7.838798522949218750e+01
1.108732681274414062e+02
8.452663421630859375e+01
4.239873886108398438e+01
9.275500488281250000e+01
7.131320190429687500e+01
1.435462570190429688e+01
7.823666381835937500e+01
3.241196060180664062e+01
2.581160354614257812e+01
3.150695991516113281e+01
7.498027801513671875e+01
3.168103027343750000e+01
9.423707962036132812e+00
7.043352508544921875e+01
1.087745952606201172e+01
6.398839569091796875e+01
8.870226287841796875e+01
1.195136337280273438e+02
4.797966766357421875e+01
4.614461898803710938e+01
9.999999717180685366e-10
4.222216606140136719e+00
4.295747756958007812e+00
4.346825599670410156e+00
4.540444850921630859e+00
4.553285598754882812e+00
4.605421066284179688e+00
4.803400039672851562e+00
4.192829132080078125e+00
3.691576719284057617e+00
3.347742080688476562e+00
3.099785745143890381e-01
3.750990629196166992e+00
4.754303455352783203e+00
5.099801063537597656e+00
4.097512245178222656e+00
4.416631221771240234e+00
4.596229553222656250e+00
4.729277133941650391e+00
4.815379619598388672e+00
4.696090221405029297e+00
5.021986484527587891e+00
3.192914485931396484e+00
5.211750984191894531e+00
5.181824684143066406e+00
5.106719970703125000e+00
3.419886827468872070e+00
3.750738620758056641e+00
3.998423337936401367e+00
4.047934532165527344e+00
4.127431869506835938e+00
4.183675765991210938e+00
1.775054565429687500e+03
2.077290496826171875e+02
1.625047149658203125e+02
8.515156555175781250e+01
1.111790847778320312e+02
8.027121734619140625e+01
7.555002593994140625e+01
6.979292297363281250e+01
1.278073348999023438e+02
2.347092590332031250e+02
2.393160400390625000e+02
1.703201538085937500e+03
7.737395629882812500e+02
2.179127960205078125e+02
4.716485214233398438e+01
4.667861328125000000e+02
3.237601318359375000e+02
2.676358642578125000e+02
1.275992813110351562e+02
8.778488159179687500e+01
8.749028015136718750e+01
7.792974090576171875e+01
7.387995605468750000e+02
5.729898834228515625e+01
4.353754425048828125e+01
5.573257827758789062e+01
6.203097915649414062e+01
2.000971221923828125e+02
7.013800048828125000e+02
6.476967773437500000e+02
5.192523193359375000e+02
4.129961853027343750e+02
3.553721313476562500e+02
3.142763061523437500e+02
