-5.666780273437500000e+03
1.481334686279296875e+02
1.379712524414062500e+02
1.588409576416015625e+02
2.528891601562500000e+02
1.679306335449218750e+02
7.748587799072265625e+01
8.659471130371093750e+01
2.337854614257812500e+02
3.650649719238281250e+02
1.651252365112304688e+01
2.488885498046875000e+02
3.658617248535156250e+02
2.605577392578125000e+02
1.336802825927734375e+02
2.854004516601562500e+02
2.330935363769531250e+02
4.770560073852539062e+01
2.536560516357421875e+02
1.016923904418945312e+02
8.011501312255859375e+01
9.978367614746093750e+01
2.400556945800781250e+02
9.941043090820312500e+01
2.882557106018066406e+01
2.283426361083984375e+02
3.579257202148437500e+01
2.049520416259765625e+02
2.767096862792968750e+02
3.743457336425781250e+02
1.536324615478515625e+02
1.442575225830078125e+02
0.000000000000000000e+00
6.317916107177734375e+01
6.300985717773437500e+01
6.288782501220703125e+01
6.244012069702148438e+01
6.244547653198242188e+01
6.235299301147460938e+01
6.246948623657226562e+01
6.339911270141601562e+01
6.450072479248046875e+01
6.509464263916015625e+01
6.969717407226562500e+01
6.427978515625000000e+01
6.277849960327148438e+01
6.160409545898437500e+01
6.364422607421875000e+01
6.313463211059570312e+01
6.276431274414062500e+01
6.242697906494140625e+01
6.231155014038085938e+01
6.272249221801757812e+01
6.217908477783203125e+01
6.545034027099609375e+01
6.201702117919921875e+01
6.207233810424804688e+01
6.228334808349609375e+01
6.497990417480468750e+01
6.443851470947265625e+01
6.372507095336914062e+01
6.358060455322265625e+01
6.342061233520507812e+01
6.328379058837890625e+01
5.666780273437500000e+03
5.586965942382812500e+02
4.207230834960937500e+02
2.618822326660156250e+02
2.514570922851562500e+02
8.328414154052734375e+01
-1.194539070129394531e+01
1.488234863281250000e+02
-3.826651916503906250e+02
-7.477274780273437500e+02
-7.642382812500000000e+02
5.413895507812500000e+03
2.219512939453125000e+03
4.324988403320312500e+02
1.562459259033203125e+02
1.420770019531250000e+03
9.173532714843750000e+02
6.842574462890625000e+02
-3.071862182617187500e+02
-5.342555618286132812e+01
5.028713607788085938e+01
2.175520019531250000e+02
2.186123535156250000e+03
1.337216033935546875e+02
3.344454956054687500e+01
-6.823101806640625000e+01
1.010247497558593750e+02
3.293663635253906250e+02
2.150332031250000000e+03
1.945377685546875000e+03
1.649889038085937500e+03
1.269798461914062500e+03
1.107283935546875000e+03
9.586287231445312500e+02
