-5.620137207031250000e+03
1.454002685546875000e+02
1.377676239013671875e+02
1.516685333251953125e+02
2.593825378417968750e+02
1.706958160400390625e+02
7.817785644531250000e+01
8.530075073242187500e+01
2.366024627685546875e+02
3.728169250488281250e+02
1.671874237060546875e+01
2.498227691650390625e+02
3.471630554199218750e+02
2.605607299804687500e+02
1.326345672607421875e+02
2.901372070312500000e+02
2.267311401367187500e+02
4.750426864624023438e+01
2.501918792724609375e+02
1.029483489990234375e+02
8.032501220703125000e+01
9.972969818115234375e+01
2.343924407958984375e+02
9.902367401123046875e+01
2.882870101928710938e+01
2.225389709472656250e+02
3.610489654541015625e+01
1.993441619873046875e+02
2.691588745117187500e+02
3.719061889648437500e+02
1.549527740478515625e+02
1.472110595703125000e+02
0.000000000000000000e+00
6.359122467041015625e+01
6.342146682739257812e+01
6.329530715942382812e+01
6.268488693237304688e+01
6.287916946411132812e+01
6.282241439819335938e+01
6.287317276000976562e+01
6.364369583129882812e+01
6.487081146240234375e+01
6.554488372802734375e+01
6.965193939208984375e+01
6.487319946289062500e+01
6.350782775878906250e+01
6.274192428588867188e+01
6.415754699707031250e+01
6.362242889404296875e+01
6.324952316284179688e+01
6.284994888305664062e+01
6.274228668212890625e+01
6.315887069702148438e+01
6.268801116943359375e+01
6.596910858154296875e+01
6.252962493896484375e+01
6.259539031982421875e+01
6.278318405151367188e+01
6.541797637939453125e+01
6.490569305419921875e+01
6.418299865722656250e+01
6.402949523925781250e+01
6.383689880371093750e+01
6.369882965087890625e+01
5.620137207031250000e+03
5.676593017578125000e+02
4.298334350585937500e+02
2.731367187500000000e+02
2.456122589111328125e+02
7.334564208984375000e+01
-9.855627059936523438e+00
1.346931762695312500e+02
-3.753582458496093750e+02
-7.482462158203125000e+02
-7.668376464843750000e+02
5.361735351562500000e+03
2.183992187500000000e+03
4.146318054199218750e+02
1.392577667236328125e+02
1.418769165039062500e+03
9.193013305664062500e+02
6.925704345703125000e+02
-3.154034729003906250e+02
-6.518338012695312500e+01
3.837875366210937500e+01
2.093275909423828125e+02
2.169745605468750000e+03
1.279796752929687500e+02
2.824823188781738281e+01
-7.322653198242187500e+01
1.020533599853515625e+02
3.245917968750000000e+02
2.133642333984375000e+03
1.932383666992187500e+03
1.663184082031250000e+03
1.287221923828125000e+03
1.114542358398437500e+03
9.661074829101562500e+02
