-6.093791015625000000e+03
1.458154144287109375e+02
1.408271636962890625e+02
1.622908630371093750e+02
2.527934570312500000e+02
1.678905181884765625e+02
8.016383361816406250e+01
8.845121765136718750e+01
2.389967041015625000e+02
3.701223449707031250e+02
1.716374206542968750e+01
2.462807922363281250e+02
3.653203735351562500e+02
2.698561401367187500e+02
1.382833709716796875e+02
2.830113830566406250e+02
2.349014434814453125e+02
4.796993255615234375e+01
2.503908843994140625e+02
1.028027496337890625e+02
8.127065277099609375e+01
9.928237915039062500e+01
2.366806182861328125e+02
9.901573944091796875e+01
2.915769004821777344e+01
2.250157318115234375e+02
3.630015563964843750e+01
2.007384796142578125e+02
2.750684204101562500e+02
3.673245849609375000e+02
1.544546813964843750e+02
1.429132537841796875e+02
0.000000000000000000e+00
6.223163604736328125e+01
6.198070144653320312e+01
6.180737304687500000e+01
6.118788909912109375e+01
6.156961441040039062e+01
6.152326202392578125e+01
6.164071655273437500e+01
6.271934509277343750e+01
6.403553009033203125e+01
6.472171020507812500e+01
6.969103240966796875e+01
6.361167144775390625e+01
6.206282043457031250e+01
6.153237152099609375e+01
6.289442825317382812e+01
6.230731201171875000e+01
6.196378707885742188e+01
6.157600402832031250e+01
6.143609237670898438e+01
6.158447647094726562e+01
6.067891311645507812e+01
6.513182067871093750e+01
6.095140075683593750e+01
6.115848922729492188e+01
6.141032791137695312e+01
6.451154327392578125e+01
6.383048248291015625e+01
6.284030532836914062e+01
6.268341827392578125e+01
6.251412200927734375e+01
6.234316635131835938e+01
6.093791015625000000e+03
6.359166259765625000e+02
4.950904541015625000e+02
3.291542358398437500e+02
2.193369293212890625e+02
5.144418334960937500e+01
-2.888367652893066406e+01
1.571718292236328125e+02
-3.961660156250000000e+02
-7.662849121093750000e+02
-7.834471435546875000e+02
5.847510742187500000e+03
2.444330078125000000e+03
4.396203002929687500e+02
1.382833709716796875e+02
1.458152954101562500e+03
9.516014404296875000e+02
7.166973266601562500e+02
-3.136170959472656250e+02
-6.295674514770507812e+01
3.983920669555664062e+01
2.235437927246093750e+02
2.321080810546875000e+03
1.422669372558593750e+02
6.948709487915039062e+00
-1.009456558227539062e+02
1.301074066162109375e+02
3.551169433593750000e+02
2.284775390625000000e+03
2.084041259765625000e+03
1.802610961914062500e+03
1.298443725585937500e+03
1.143982055664062500e+03
1.001068725585937500e+03
