-5.637003906250000000e+03
1.467766418457031250e+02
1.399697723388671875e+02
1.582544097900390625e+02
2.568622131347656250e+02
1.708924407958984375e+02
7.858704376220703125e+01
8.590432739257812500e+01
2.386837005615234375e+02
3.656562500000000000e+02
1.645380783081054688e+01
2.472416992187500000e+02
3.622942810058593750e+02
2.590247802734375000e+02
1.323104858398437500e+02
2.825759582519531250e+02
2.287338562011718750e+02
4.791767883300781250e+01
2.461176757812500000e+02
1.019136734008789062e+02
8.048674774169921875e+01
9.762279510498046875e+01
2.338881225585937500e+02
9.631260681152343750e+01
2.869548797607421875e+01
2.186993713378906250e+02
3.506171035766601562e+01
2.006913299560546875e+02
2.772341918945312500e+02
3.644212646484375000e+02
1.542312164306640625e+02
1.475722198486328125e+02
0.000000000000000000e+00
6.315967559814453125e+01
6.297069931030273438e+01
6.284428024291992188e+01
6.238733291625976562e+01
6.250469207763671875e+01
6.246041488647460938e+01
6.244577407836914062e+01
6.339448165893554688e+01
6.460569763183593750e+01
6.529042053222656250e+01
6.966400146484375000e+01
6.451107788085937500e+01
6.351919937133789062e+01
6.296687698364257812e+01
6.387132644653320312e+01
6.334712982177734375e+01
6.299150848388671875e+01
6.252956008911132812e+01
6.237037658691406250e+01
6.282576370239257812e+01
6.235739517211914062e+01
6.573121643066406250e+01
6.225965118408203125e+01
6.231153869628906250e+01
6.247400665283203125e+01
6.520330047607421875e+01
6.451039886474609375e+01
6.371701812744140625e+01
6.358583450317382812e+01
6.341173171997070312e+01
6.326864624023437500e+01
5.637003906250000000e+03
5.701387329101562500e+02
4.268972167968750000e+02
2.666261291503906250e+02
2.331176757812500000e+02
6.222500228881835938e+01
-1.639881515502929688e+01
1.447743988037109375e+02
-3.854538879394531250e+02
-7.523345336914062500e+02
-7.709173583984375000e+02
5.387758300781250000e+03
2.169609619140625000e+03
3.946894531250000000e+02
1.339308013916015625e+02
1.412317016601562500e+03
9.245722045898437500e+02
6.958366699218750000e+02
-3.275049438476562500e+02
-7.334134674072265625e+01
2.857173538208007812e+01
2.040374908447265625e+02
2.196359863281250000e+03
1.223783187866210938e+02
2.475308799743652344e+01
-7.290887451171875000e+01
1.016083450317382812e+02
3.204130554199218750e+02
2.161297119140625000e+03
1.958889404296875000e+03
1.636065551757812500e+03
1.271643066406250000e+03
1.103490234375000000e+03
9.524091796875000000e+02
