-5.978705078125000000e+03
1.483820648193359375e+02
1.380444946289062500e+02
1.571054534912109375e+02
2.565880432128906250e+02
1.711034088134765625e+02
7.872240447998046875e+01
8.660016632080078125e+01
2.406920471191406250e+02
3.752044067382812500e+02
1.656473731994628906e+01
2.464765930175781250e+02
3.591722717285156250e+02
2.662533264160156250e+02
1.356845855712890625e+02
2.915492248535156250e+02
2.312179107666015625e+02
4.633009719848632812e+01
2.523126220703125000e+02
1.032511367797851562e+02
8.144179534912109375e+01
9.989921569824218750e+01
2.346018981933593750e+02
9.914311981201171875e+01
2.902540397644042969e+01
2.213227996826171875e+02
3.550178146362304688e+01
2.029539794921875000e+02
2.785334472656250000e+02
3.763437194824218750e+02
1.510393066406250000e+02
1.459537506103515625e+02
0.000000000000000000e+00
6.261273193359375000e+01
6.238825607299804688e+01
6.224369430541992188e+01
6.171518325805664062e+01
6.189057540893554688e+01
6.179838180541992188e+01
6.172028350830078125e+01
6.303856277465820312e+01
6.419150543212890625e+01
6.487455749511718750e+01
6.963854217529296875e+01
6.391357803344726562e+01
6.242601776123046875e+01
6.182540512084960938e+01
6.321126937866210938e+01
6.248920440673828125e+01
6.208048248291015625e+01
6.170453643798828125e+01
6.152917861938476562e+01
6.201956176757812500e+01
6.135129165649414062e+01
6.532365417480468750e+01
6.111756515502929688e+01
6.117816925048828125e+01
6.137479019165039062e+01
6.469037628173828125e+01
6.398725128173828125e+01
6.320779037475585938e+01
6.305507278442382812e+01
6.286225509643554688e+01
6.271900939941406250e+01
5.978705078125000000e+03
5.933483886718750000e+02
4.492710266113281250e+02
2.762964172363281250e+02
2.481677093505859375e+02
7.507691955566406250e+01
-3.716275215148925781e+00
1.566555480957031250e+02
-3.973490905761718750e+02
-7.725532226562500000e+02
-7.891191406250000000e+02
5.724225585937500000e+03
2.358196289062500000e+03
4.493226318359375000e+02
1.376829528808593750e+02
1.468272094726562500e+03
9.561139526367187500e+02
7.248942260742187500e+02
-3.142351379394531250e+02
-6.192007827758789062e+01
4.132716369628906250e+01
2.182670593261718750e+02
2.325723388671875000e+03
1.337707824707031250e+02
3.387010955810546875e+01
-7.217187500000000000e+01
1.021486282348632812e+02
3.643271484375000000e+02
2.251580078125000000e+03
2.047690185546875000e+03
1.685149414062500000e+03
1.308031127929687500e+03
1.142889160156250000e+03
9.898993530273437500e+02
