1.840731689453125000e+03
4.735995101928710938e+01
4.282624816894531250e+01
4.847587585449218750e+01
8.047643280029296875e+01
5.366973114013671875e+01
2.497052764892578125e+01
2.782393264770507812e+01
7.480915069580078125e+01
1.165688018798828125e+02
5.246903419494628906e+00
7.726985931396484375e+01
1.097527465820312500e+02
8.426082611083984375e+01
4.212440109252929688e+01
9.182994079589843750e+01
7.092727661132812500e+01
1.414748573303222656e+01
7.790917968750000000e+01
3.231752395629882812e+01
2.544435310363769531e+01
3.137605667114257812e+01
7.405654907226562500e+01
3.144300270080566406e+01
9.213233947753906250e+00
6.939647674560546875e+01
1.107934284210205078e+01
6.384501647949218750e+01
8.764990234375000000e+01
1.177889251708984375e+02
4.751217269897460938e+01
4.586905288696289062e+01
1.000000047497451305e-03
4.506365776062011719e+00
4.644226074218750000e+00
4.725659847259521484e+00
5.068091392517089844e+00
4.825786113739013672e+00
4.883898258209228516e+00
5.163677215576171875e+00
4.292490482330322266e+00
3.806587934494018555e+00
3.444134712219238281e+00
2.510414719581604004e-01
3.941515207290649414e+00
5.212271690368652344e+00
5.524428844451904297e+00
4.253064155578613281e+00
4.610070228576660156e+00
4.823947906494140625e+00
4.950460910797119141e+00
5.081504344940185547e+00
4.962249755859375000e+00
5.352399349212646484e+00
3.308913707733154297e+00
5.576795578002929688e+00
5.540697097778320312e+00
5.456497192382812500e+00
3.581848859786987305e+00
3.938470363616943359e+00
4.254736423492431641e+00
4.310706615447998047e+00
4.394905567169189453e+00
4.462637901306152344e+00
1.840731689453125000e+03
2.787441101074218750e+02
2.385409851074218750e+02
1.758167724609375000e+02
1.315779724121093750e+02
1.021643371582031250e+02
9.725760650634765625e+01
8.308663940429687500e+01
1.353990478515625000e+02
2.394284515380859375e+02
2.440525817871093750e+02
1.770309448242187500e+03
8.516840820312500000e+02
2.697619934082031250e+02
5.052125549316406250e+01
4.985377807617187500e+02
3.550357971191406250e+02
3.044676818847656250e+02
1.429080810546875000e+02
1.110250625610351562e+02
1.099429779052734375e+02
8.364245605468750000e+01
8.023101196289062500e+02
6.307238388061523438e+01
5.069128036499023438e+01
6.690072631835937500e+01
7.338123321533203125e+01
2.525362854003906250e+02
7.498456420898437500e+02
7.006327514648437500e+02
5.486773681640625000e+02
4.512543334960937500e+02
3.877734069824218750e+02
3.508356323242187500e+02
