1.720126464843750000e+03
4.710893249511718750e+01
4.322027587890625000e+01
5.000539016723632812e+01
8.057189178466796875e+01
5.344344329833984375e+01
2.507324218750000000e+01
2.777043533325195312e+01
7.352118682861328125e+01
1.158453521728515625e+02
5.410912990570068359e+00
7.828849029541015625e+01
1.134374694824218750e+02
8.192193603515625000e+01
4.199942016601562500e+01
9.161648559570312500e+01
7.700746917724609375e+01
1.487286186218261719e+01
8.114868164062500000e+01
3.264256286621093750e+01
2.529599571228027344e+01
3.158082580566406250e+01
7.642272186279296875e+01
3.196751213073730469e+01
9.309500694274902344e+00
7.189574432373046875e+01
1.148846340179443359e+01
6.586170196533203125e+01
8.964179992675781250e+01
1.174428710937500000e+02
4.872424697875976562e+01
4.520751953125000000e+01
1.000000047497451305e-03
3.878041982650756836e+00
3.972274065017700195e+00
4.033505916595458984e+00
4.308468341827392578e+00
4.360285282135009766e+00
4.486541271209716797e+00
4.217234611511230469e+00
3.749559164047241211e+00
3.254853963851928711e+00
2.979607582092285156e+00
1.917799413204193115e-01
3.340927124023437500e+00
4.833043575286865234e+00
7.251009464263916016e+00
3.616882324218750000e+00
3.857881784439086914e+00
4.013995170593261719e+00
4.171250343322753906e+00
4.325463771820068359e+00
4.159634590148925781e+00
4.500371456146240234e+00
2.841517925262451172e+00
4.671828746795654297e+00
4.651915073394775391e+00
4.260744571685791016e+00
3.032126665115356445e+00
3.238230466842651367e+00
3.624217271804809570e+00
3.681854724884033203e+00
3.759809494018554688e+00
3.823416948318481445e+00
1.720126464843750000e+03
1.998138122558593750e+02
1.663770294189453125e+02
1.348964385986328125e+02
1.195040893554687500e+02
9.758836364746093750e+01
7.816205596923828125e+01
6.341950225830078125e+01
1.227028732299804688e+02
2.303968963623046875e+02
2.352731323242187500e+02
1.644487304687500000e+03
7.005260620117187500e+02
2.406432495117187500e+02
1.492984924316406250e+02
4.399363098144531250e+02
2.869727172851562500e+02
2.177565002441406250e+02
1.114379959106445312e+02
6.324060058593750000e+01
5.901111602783203125e+01
7.329243469238281250e+01
6.883416748046875000e+02
5.586560440063476562e+01
4.096113204956054688e+01
4.538390350341796875e+01
7.311778259277343750e+01
1.184636383056640625e+02
6.783168945312500000e+02
6.204718627929687500e+02
5.184133300781250000e+02
4.076737670898437500e+02
3.551494140625000000e+02
3.105831298828125000e+02
