1.712082031250000000e+03
4.718365478515625000e+01
4.375786972045898438e+01
5.062528228759765625e+01
8.285841369628906250e+01
5.533042144775390625e+01
2.514686775207519531e+01
2.729477691650390625e+01
7.439713287353515625e+01
1.151925506591796875e+02
5.286417961120605469e+00
7.744352722167968750e+01
1.135531921386718750e+02
8.259030914306640625e+01
4.213756561279296875e+01
9.014248657226562500e+01
7.122344207763671875e+01
1.513835620880126953e+01
7.769198608398437500e+01
3.233006668090820312e+01
2.546703338623046875e+01
3.059437751770019531e+01
7.460585021972656250e+01
3.068729972839355469e+01
9.091341018676757812e+00
6.849671173095703125e+01
1.119792270660400391e+01
6.397644424438476562e+01
8.753616333007812500e+01
1.149191818237304688e+02
4.960165023803710938e+01
4.650495910644531250e+01
1.000000047497451305e-03
4.021140575408935547e+00
4.139757633209228516e+00
4.209928989410400391e+00
4.486601352691650391e+00
4.270843029022216797e+00
4.295515060424804688e+00
4.451529979705810547e+00
3.884031534194946289e+00
3.235814571380615234e+00
2.934611082077026367e+00
2.179325222969055176e-01
3.321565389633178711e+00
3.802893877029418945e+00
4.159324645996093750e+00
3.677256584167480469e+00
3.870926618576049805e+00
4.040163516998291016e+00
4.293816566467285156e+00
4.423908710479736328e+00
4.295067787170410156e+00
4.428771495819091797e+00
2.785728931427001953e+00
4.390095233917236328e+00
4.360402584075927734e+00
4.294032573699951172e+00
3.041399955749511719e+00
3.367194414138793945e+00
3.777579784393310547e+00
3.837701797485351562e+00
3.917941331863403320e+00
3.977934598922729492e+00
1.712082031250000000e+03
2.257247772216796875e+02
1.826941833496093750e+02
1.396027526855468750e+02
1.031134185791015625e+02
7.462793731689453125e+01
7.071462249755859375e+01
7.710630798339843750e+01
1.333087463378906250e+02
2.353154296875000000e+02
2.426582031250000000e+02
1.640919921875000000e+03
6.618453369140625000e+02
1.276356124877929688e+02
5.357262802124023438e+01
4.421714782714843750e+02
3.036234130859375000e+02
2.433994140625000000e+02
1.611343383789062500e+02
8.338040924072265625e+01
8.075535583496093750e+01
6.847776031494140625e+01
7.171709594726562500e+02
4.442295455932617188e+01
2.661666870117187500e+01
3.644300460815429688e+01
4.282392501831054688e+01
1.009804534912109375e+02
7.076928710937500000e+02
6.552255859375000000e+02
5.285996704101562500e+02
4.281586303710937500e+02
3.588050231933593750e+02
3.174428100585937500e+02
