1.717868652343750000e+03
4.669861602783203125e+01
4.335902023315429688e+01
4.884994125366210938e+01
8.360398864746093750e+01
5.409677886962890625e+01
2.494187545776367188e+01
2.763602828979492188e+01
7.745057678222656250e+01
1.163250808715820312e+02
5.467037677764892578e+00
7.971860504150390625e+01
1.112539672851562500e+02
8.350378417968750000e+01
4.176321029663085938e+01
9.283492279052734375e+01
7.236006164550781250e+01
1.492826747894287109e+01
7.850893402099609375e+01
3.212314605712890625e+01
2.513606643676757812e+01
3.248162460327148438e+01
7.623552703857421875e+01
3.183880996704101562e+01
9.506547927856445312e+00
7.196028900146484375e+01
1.157621192932128906e+01
6.362850952148437500e+01
8.474250793457031250e+01
1.173092422485351562e+02
4.759522628784179688e+01
4.689461898803710938e+01
1.000000047497451305e-03
3.802324056625366211e+00
3.892951488494873047e+00
3.949811458587646484e+00
4.300685405731201172e+00
4.126414299011230469e+00
4.161528587341308594e+00
4.107176303863525391e+00
3.852920055389404297e+00
3.275911808013916016e+00
2.975133895874023438e+00
2.502923905849456787e-01
3.220316171646118164e+00
4.586789608001708984e+00
5.936696052551269531e+00
3.521572828292846680e+00
3.832979202270507812e+00
4.019353389739990234e+00
4.193192005157470703e+00
4.206228256225585938e+00
4.083594799041748047e+00
4.261057853698730469e+00
2.795336961746215820e+00
4.428148746490478516e+00
4.354986190795898438e+00
4.219249725341796875e+00
2.993582725524902344e+00
3.184569835662841797e+00
3.511214017868041992e+00
3.588073730468750000e+00
3.682350873947143555e+00
3.751055955886840820e+00
1.717868652343750000e+03
2.135150146484375000e+02
1.829808807373046875e+02
1.355018310546875000e+02
1.031012268066406250e+02
7.223619079589843750e+01
6.323101425170898438e+01
6.217061614990234375e+01
1.361678619384765625e+02
2.381395874023437500e+02
2.452806701660156250e+02
1.639545776367187500e+03
6.888714599609375000e+02
2.102027130126953125e+02
9.001687622070312500e+01
4.404165954589843750e+02
2.903920593261718750e+02
2.271945190429687500e+02
1.111121749877929688e+02
6.125491714477539062e+01
5.935811233520507812e+01
7.301448822021484375e+01
6.798775634765625000e+02
5.072934341430664062e+01
3.268836212158203125e+01
5.289883041381835938e+01
5.737339782714843750e+01
1.113033218383789062e+02
6.695711669921875000e+02
6.127977294921875000e+02
5.387253417968750000e+02
4.342960815429687500e+02
3.767697753906250000e+02
3.358315124511718750e+02
