1.935860473632812500e+03
4.774605560302734375e+01
4.470307159423828125e+01
5.155851745605468750e+01
8.102481842041015625e+01
5.357795333862304688e+01
2.604313659667968750e+01
2.906939697265625000e+01
7.537866210937500000e+01
1.196628570556640625e+02
5.290184020996093750e+00
7.650594329833984375e+01
1.122204895019531250e+02
8.405107116699218750e+01
4.361576080322265625e+01
9.164440917968750000e+01
7.261040496826171875e+01
1.513953685760498047e+01
7.813321685791015625e+01
3.182909202575683594e+01
2.455646133422851562e+01
3.105924606323242188e+01
7.787949371337890625e+01
3.080908966064453125e+01
9.557305335998535156e+00
7.010689544677734375e+01
1.108920288085937500e+01
6.148860549926757812e+01
9.026847839355468750e+01
1.187839965820312500e+02
5.044529724121093750e+01
4.633351898193359375e+01
1.000000047497451305e-03
4.550374031066894531e+00
4.733809947967529297e+00
4.831773757934570312e+00
5.348677635192871094e+00
4.714670658111572266e+00
4.709536552429199219e+00
4.599791049957275391e+00
4.148866176605224609e+00
3.565311431884765625e+00
3.257317781448364258e+00
2.131408452987670898e-01
3.827120780944824219e+00
4.711666107177734375e+00
5.014013290405273438e+00
4.160390377044677734e+00
4.377230167388916016e+00
4.508714675903320312e+00
4.656784534454345703e+00
4.707140445709228516e+00
5.117458343505859375e+00
6.840253353118896484e+00
3.104281425476074219e+00
5.403970241546630859e+00
5.044376373291015625e+00
4.820423603057861328e+00
3.404854774475097656e+00
3.738218545913696289e+00
4.280132293701171875e+00
4.357019901275634766e+00
4.426626205444335938e+00
4.503993988037109375e+00
1.935860473632812500e+03
2.982091064453125000e+02
2.760156250000000000e+02
2.586077270507812500e+02
1.129046630859375000e+02
8.862439727783203125e+01
8.342568206787109375e+01
6.354038238525390625e+01
1.217664871215820312e+02
2.345715789794921875e+02
2.394329986572265625e+02
1.873044433593750000e+03
9.513323974609375000e+02
2.273111877441406250e+02
4.361576080322265625e+01
4.834941406250000000e+02
3.015032653808593750e+02
2.371793518066406250e+02
1.128217620849609375e+02
6.065201187133789062e+01
5.965201187133789062e+01
1.344436798095703125e+02
8.355475463867187500e+02
1.267200164794921875e+02
1.185956726074218750e+02
1.209734115600585938e+02
1.231938095092773438e+02
1.570446472167968750e+02
8.274644165039062500e+02
7.853201904296875000e+02
7.297502441406250000e+02
4.319601745605468750e+02
3.900044555664062500e+02
3.529140014648437500e+02
