-5.851945312500000000e+03
1.480492858886718750e+02
1.372553863525390625e+02
1.558873138427734375e+02
2.629252319335937500e+02
1.735079956054687500e+02
7.840225219726562500e+01
8.731599426269531250e+01
2.424894256591796875e+02
3.707923583984375000e+02
1.673106002807617188e+01
2.471658935546875000e+02
3.582061462402343750e+02
2.558266601562500000e+02
1.362588500976562500e+02
2.921814880371093750e+02
2.275706481933593750e+02
4.761528015136718750e+01
2.499850769042968750e+02
1.033633499145507812e+02
8.057073974609375000e+01
1.015200576782226562e+02
2.366604461669921875e+02
1.014990539550781250e+02
2.913892555236816406e+01
2.236238098144531250e+02
3.623498916625976562e+01
2.033109436035156250e+02
2.802460327148437500e+02
3.780008850097656250e+02
1.527025604248046875e+02
1.442269134521484375e+02
0.000000000000000000e+00
6.307884597778320312e+01
6.287930679321289062e+01
6.270812225341796875e+01
6.211012649536132812e+01
6.220629501342773438e+01
6.212278747558593750e+01
6.203426361083984375e+01
6.308300781250000000e+01
6.432771301269531250e+01
6.516218566894531250e+01
6.965284729003906250e+01
6.433213043212890625e+01
6.304057312011718750e+01
6.191971969604492188e+01
6.359767913818359375e+01
6.295835494995117188e+01
6.249584579467773438e+01
6.197062683105468750e+01
6.179061126708984375e+01
6.243945693969726562e+01
6.173181533813476562e+01
6.561191558837890625e+01
6.132779312133789062e+01
6.140333175659179688e+01
6.182139587402343750e+01
6.507745361328125000e+01
6.439154052734375000e+01
6.369778442382812500e+01
6.352096939086914062e+01
6.333661270141601562e+01
6.319220733642578125e+01
5.851945312500000000e+03
5.871215820312500000e+02
4.393697509765625000e+02
2.774648132324218750e+02
2.554032592773437500e+02
8.077647399902343750e+01
2.374242782592773438e+00
1.495396728515625000e+02
-4.081547851562500000e+02
-7.962594604492187500e+02
-8.204889526367187500e+02
5.599062988281250000e+03
2.275731689453125000e+03
4.157290039062500000e+02
1.559681091308593750e+02
1.497418823242187500e+03
9.812745971679687500e+02
7.537059936523437500e+02
-3.351107177734375000e+02
-6.281087112426757812e+01
4.450073623657226562e+01
2.235100860595703125e+02
2.256650390625000000e+03
1.397992553710937500e+02
3.773177719116210938e+01
-6.752803802490234375e+01
1.216117324829101562e+02
3.706235961914062500e+02
2.216841064453125000e+03
2.010387817382812500e+03
1.719146972656250000e+03
1.311790893554687500e+03
1.154326049804687500e+03
1.009922363281250000e+03
