1.782461669921875000e+03
4.654728698730468750e+01
4.313614654541015625e+01
4.924288177490234375e+01
8.178696441650390625e+01
5.490090560913085938e+01
2.528813362121582031e+01
2.776591110229492188e+01
7.728781890869140625e+01
1.168415222167968750e+02
5.301570415496826172e+00
7.616645812988281250e+01
1.147124176025390625e+02
7.989215850830078125e+01
4.296435546875000000e+01
9.222134399414062500e+01
7.238120269775390625e+01
1.475148868560791016e+01
8.006486511230468750e+01
3.246535110473632812e+01
2.553603744506835938e+01
3.202051925659179688e+01
7.279952239990234375e+01
3.198441505432128906e+01
9.077635765075683594e+00
6.961944580078125000e+01
1.114666366577148438e+01
6.383906555175781250e+01
8.975985717773437500e+01
1.182090148925781250e+02
4.795071411132812500e+01
4.532826614379882812e+01
1.000000047497451305e-03
3.885138511657714844e+00
3.984793663024902344e+00
4.082274913787841797e+00
4.522056102752685547e+00
4.355590343475341797e+00
4.410523414611816406e+00
4.728553771972656250e+00
3.865334510803222656e+00
3.294670104980468750e+00
2.911112070083618164e+00
2.541687488555908203e-01
3.311231613159179688e+00
4.102284908294677734e+00
6.749959468841552734e+00
3.601309061050415039e+00
3.912804365158081055e+00
4.210018157958984375e+00
4.572348117828369141e+00
4.772330760955810547e+00
4.267396926879882812e+00
4.878576278686523438e+00
2.724065065383911133e+00
5.893037319183349609e+00
5.884845733642578125e+00
4.804718494415283203e+00
2.980168819427490234e+00
3.281103372573852539e+00
3.597534179687500000e+00
3.678915023803710938e+00
3.760965585708618164e+00
3.822556018829345703e+00
1.782461669921875000e+03
2.371765899658203125e+02
1.976914520263671875e+02
1.515614166259765625e+02
1.286498107910156250e+02
1.020309906005859375e+02
9.942511749267578125e+01
9.803084564208984375e+01
1.540792083740234375e+02
2.763820190429687500e+02
2.937419128417968750e+02
1.712449951171875000e+03
7.341386108398437500e+02
1.951094207763671875e+02
1.458714904785156250e+02
5.167532348632812500e+02
3.711072082519531250e+02
3.214643859863281250e+02
1.882596435546875000e+02
1.097316360473632812e+02
1.073637466430664062e+02
8.784416961669921875e+01
7.420750732421875000e+02
6.893967437744140625e+01
5.873988342285156250e+01
7.095225524902343750e+01
1.489509887695312500e+02
2.535572967529296875e+02
7.306121215820312500e+02
6.775504760742187500e+02
5.924644165039062500e+02
4.451355285644531250e+02
4.039623718261718750e+02
3.681342773437500000e+02
