-5.686979980468750000e+03
1.453049011230468750e+02
1.393425140380859375e+02
1.566877593994140625e+02
2.595822753906250000e+02
1.702522735595703125e+02
7.777558898925781250e+01
8.547952270507812500e+01
2.412793273925781250e+02
3.717343444824218750e+02
1.673378944396972656e+01
2.477868652343750000e+02
3.555866699218750000e+02
2.607176208496093750e+02
1.339170379638671875e+02
2.864833679199218750e+02
2.282915802001953125e+02
4.724674606323242188e+01
2.495997619628906250e+02
1.023731918334960938e+02
8.025447845458984375e+01
9.952769470214843750e+01
2.354773864746093750e+02
9.774492645263671875e+01
2.895037841796875000e+01
2.210695800781250000e+02
3.565927886962890625e+01
2.006750335693359375e+02
2.752227172851562500e+02
3.731452026367187500e+02
1.523961029052734375e+02
1.459773101806640625e+02
0.000000000000000000e+00
6.315873336791992188e+01
6.296828079223632812e+01
6.283604812622070312e+01
6.234259414672851562e+01
6.237521743774414062e+01
6.228500747680664062e+01
6.230604934692382812e+01
6.329233932495117188e+01
6.449929046630859375e+01
6.521605682373046875e+01
6.967463684082031250e+01
6.422129821777343750e+01
6.308602523803710938e+01
6.253771591186523438e+01
6.354708099365234375e+01
6.295773315429687500e+01
6.256779098510742188e+01
6.215420150756835938e+01
6.205019760131835938e+01
6.249848175048828125e+01
6.186764144897460938e+01
6.564649963378906250e+01
6.164916229248046875e+01
6.173688507080078125e+01
6.195356750488281250e+01
6.511558532714843750e+01
6.444583129882812500e+01
6.372165679931640625e+01
6.357700729370117188e+01
6.340379333496093750e+01
6.326185607910156250e+01
5.686979980468750000e+03
5.700379028320312500e+02
4.290605468750000000e+02
2.684936218261718750e+02
2.455889129638671875e+02
7.399821472167968750e+01
-7.223674297332763672e+00
1.533389892578125000e+02
-3.956160888671875000e+02
-7.673504028320312500e+02
-7.856051635742187500e+02
5.438188476562500000e+03
2.228015625000000000e+03
4.032309875488281250e+02
1.350192871093750000e+02
1.444196655273437500e+03
9.374371948242187500e+02
7.091439819335937500e+02
-3.109533691406250000e+02
-4.852214431762695312e+01
5.385035324096679688e+01
2.147173004150390625e+02
2.177826171875000000e+03
1.342139739990234375e+02
3.048201751708984375e+01
-7.540302276611328125e+01
1.048244781494140625e+02
3.509467163085937500e+02
2.136667724609375000e+03
1.935785766601562500e+03
1.659821166992187500e+03
1.270496459960937500e+03
1.110476318359375000e+03
9.619374389648437500e+02
