1.746290161132812500e+03
4.639616012573242188e+01
4.369842147827148438e+01
5.030811309814453125e+01
8.279959869384765625e+01
5.464525222778320312e+01
2.485274887084960938e+01
2.754850387573242188e+01
7.538612365722656250e+01
1.181346588134765625e+02
5.419652462005615234e+00
7.679566955566406250e+01
1.137939682006835938e+02
8.230637359619140625e+01
4.244332504272460938e+01
9.118200683593750000e+01
7.214624786376953125e+01
1.498070526123046875e+01
7.816616821289062500e+01
3.205925369262695312e+01
2.534772300720214844e+01
3.165075302124023438e+01
7.509091949462890625e+01
3.127026176452636719e+01
9.212345123291015625e+00
6.994244384765625000e+01
1.135514831542968750e+01
6.470247650146484375e+01
8.897489929199218750e+01
1.181623687744140625e+02
4.853586959838867188e+01
4.622902297973632812e+01
1.000000047497451305e-03
4.035806179046630859e+00
4.128236770629882812e+00
4.186803340911865234e+00
4.429129600524902344e+00
4.402387619018554688e+00
4.532288074493408203e+00
4.464453697204589844e+00
3.930218696594238281e+00
3.355050325393676758e+00
3.017025947570800781e+00
2.293511778116226196e-01
3.502832651138305664e+00
4.060582160949707031e+00
4.408029079437255859e+00
3.827176094055175781e+00
4.106755733489990234e+00
4.312341690063476562e+00
4.540675163269042969e+00
4.587858200073242188e+00
4.387802600860595703e+00
4.992504596710205078e+00
2.854543924331665039e+00
5.159276008605957031e+00
5.006260871887207031e+00
4.758940219879150391e+00
3.144957304000854492e+00
3.462818622589111328e+00
3.796856641769409180e+00
3.857196569442749023e+00
3.936056137084960938e+00
3.994418144226074219e+00
1.746290161132812500e+03
2.090419616699218750e+02
1.697779541015625000e+02
1.198933715820312500e+02
1.077461624145507812e+02
7.852770233154296875e+01
7.126306152343750000e+01
7.309085083007812500e+01
1.307916717529296875e+02
2.383737030029296875e+02
2.450804748535156250e+02
1.677297973632812500e+03
7.379080200195312500e+02
1.497732849121093750e+02
5.101750183105468750e+01
4.916250305175781250e+02
3.415178222656250000e+02
2.879886779785156250e+02
1.625643615722656250e+02
8.701815795898437500e+01
8.622453308105468750e+01
8.494205474853515625e+01
6.954014892578125000e+02
6.927806854248046875e+01
5.773939895629882812e+01
7.992640686035156250e+01
8.383481597900390625e+01
2.204250946044921875e+02
6.799764404296875000e+02
6.232281494140625000e+02
5.461358642578125000e+02
4.117472839355468750e+02
3.539922790527343750e+02
3.126151428222656250e+02
